161
164
169
158
182
152
168
182
162
200
198
196
168
160
154
168
188
200
196
166
191
186
197
170
165
158
160
161
179
194
197
157
169
168
155
161
169
185
154
150
161
168
189
187
162
161
184
195
157
197
194
175
199
164
166
182
194
175
162
190
193
172
185
162
186
157
194
179
180
196
154
172
183
192
198
151
195
168
199
165
192
176
184
193
175
150
174
183
150
176
182
178
168
184
157
189
185
150
152
197
163
152
199
157
171
186
157
181
157
153
163
165
162
164
154
199
171
157
152
181
154
194
154
153
184
155
165
166
161
178
184
168
169
195
181
183
184
191
183
164
195
177
185
169
183
150
152
157
174
185
157
199
174
154
160
176
185
176
157
151
152
170
168
178
154
193
181
173
190
177
177
182
193
198
151
176
154
156
175
175
160
200
185
194
180
172
173
159
184
188
151
178
152
189
156
164
179
151
174
170
168
165
176
167
168
162
151
190
198
150
183
177
153
198
180
154
161
178
152
151
186
168
196
152
167
151
177
188
195
163
187
165
151
170
174
198
179
183
195
190
187
186
172
195
170
199
154
184
188
182
171
166
178
191
180
159
196
155
186
183
155
171
150
196
196
181
182
178
151
196
151
169
179
160
188
180
194
168
182
157
172
153
178
195
170
186
154
191
156
160
170
174
185
151
176
167
186
154
169
168
176
182
191
154
185
150
197
156
165
191
191
150
197
194
169
178
173
182
152
154
193
180
150
197
190
181
188
167
179
177
154
156
152
198
164
194
161
185
169
173
165
166
164
184
162
154
190
200
168
179
163
161
193
180
193
157
196
179
181
197
197
156
155
153
156
190
176
200
189
193
195
153
200
159
158
184
177
155
170
154
195
161
162
183
160
161
178
191
185
174
180
156
171
150
198
150
186
200
164
180
188
164
173
194
178
178
187
161
185
165
166
183
182
175
157
153
162
166
159
174
183
191
170
161
168
197
181
174
173
157
184
197
185
163
152
173
190
172
165
177
158
176
164
166
154
179
162
156
194
159
200
159
152
175
191
161
169
180
159
169
182
194
159
199
181
182
159
155
170
189
170
153
179
182
151
162
161
200
171
170
159
171
152
184
171
167
195
156
167
198
187
153
162
198
168
185
197
169
150
160
193
164
186
187
195
173
156
199
194
182
174
167
186
182
169
161
184
189
175
193
176
170
158
182
196
150
192
168
156
194
174
183
187
163
195
163
177
154
168
156
176
188
156
194
191
154
156
187
170
186
155
164
152
188
158
151
189
174
181
150
168
158
195
185
183
181
193
183
174
154
194
160
181
175
168
186
186
153
165
155
170
159
186
184
192
172
156
166
181
181
162
173
151
175
196
187
182
180
167
183
172
172
161
175
151
162
197
173
150
153
152
187
157
178
173
195
199
179
171
159
157
157
165
200
163
150
160
174
197
164
155
153
193
164
187
164
161
175
158
153
198
198
171
169
161
154
188
176
152
152
196
150
192
156
172
181
198
155
193
162
179
188
170
159
160
180
174
172
155
162
188
154
166
174
159
181
154
192
185
164
152
186
156
189
163
154
162
156
193
198
164
172
169
155
173
181
163
160
185
186
153
178
192
181
177
199
173
164
161
175
198
200
187
174
164
185
162
200
186
194
157
177
171
194
198
153
198
170
195
171
185
191
183
171
154
191
165
160
152
151
175
153
183
162
196
165
190
200
177
158
200
161
175
180
189
180
191
174
163
154
190
154
152
179
198
155
164
158
193
166
176
166
161
194
183
164
157
177
161
169
157
172
200
175
172
164
155
179
200
196
159
165
180
191
187
166
196
183
192
193
157
197
183
189
153
173
186
161
162
199
192
187
174
165
188
174
165
192
169
178
181
183
192
156
200
196
192
177
197
184
184
161
165
181
159
157
181
168
153
160
183
181
190
166
152
183
200
156
179
174
165
166
174
195
158
166
153
198
161
166
196
164
165
186
196
165
193
152
174
171
176
190
155
151
162
159
164
167
153
194
166
166
165
176
195
173
182
185
163
182
165
175
178
175
167
181
200
166
169
173
190
169
153
178
175
166
150
163
154
179
150
162
198
157
155
164
183
199
169
166
193
163
173
161
165
159
150
195
163
192
186
185
153
182
153
152
180
160
166
164
193
168
175
183
182
186
172
196
178
170
173
160
153
164
162
168
164
170
158
197
155
168
180
174
191
181
197
161
193
186
158
159
168
179
195
179
189
186
154
160
186
161
193
150
171
197
195
189
200
158
186
163
186
177
189
175
165
191
169
182
