125
569
269
741
557
152
583
789
344
428
211
904
750
488
920
352
927
380
986
315
461
92
163
505
935
148
329
837
615
563
433
302
809
785
367
626
517
575
98
750
966
363
122
115
651
970
196
580
362
659
417
132
921
226
120
827
750
782
779
998
443
986
473
242
284
924
706
201
91
334
603
130
260
586
957
328
361
146
95
880
558
979
316
827
668
783
194
753
912
373
784
541
15
987
592
896
116
328
844
30
893
337
940
139
597
428
299
156
431
856
891
699
649
925
776
146
137
596
398
309
2
857
518
371
664
429
990
342
338
936
13
982
922
387
47
30
715
745
972
846
225
855
544
418
838
996
661
183
169
332
58
664
381
118
760
983
830
449
64
772
226
681
975
388
163
457
883
817
585
432
988
699
798
772
404
525
453
833
463
170
228
418
952
6
144
383
993
6
254
988
630
327
442
38
14
607
601
183
963
674
980
47
505
94
812
994
14
400
367
293
859
966
590
595
298
951
671
655
99
596
394
799
528
180
235
196
321
674
319
448
969
879
573
393
252
149
134
697
180
146
661
992
465
134
530
320
427
906
101
610
733
817
85
599
717
770
961
302
251
912
639
622
415
674
11
341
940
155
885
936
819
278
635
129
495
461
307
190
960
263
321
627
769
799
43
323
377
893
471
817
647
67
371
728
223
291
153
176
823
551
42
362
983
602
187
785
217
66
722
905
227
201
576
790
119
143
70
810
660
959
395
87
54
26
530
532
608
365
564
620
332
979
470
969
741
992
126
781
4
174
410
152
292
256
595
977
106
285
10
280
997
801
254
501
720
405
586
212
22
326
137
207
978
12
457
274
309
377
518
875
138
659
710
587
162
439
124
335
234
200
266
428
513
812
247
496
343
925
134
225
60
43
40
327
484
968
895
560
676
608
767
246
366
255
287
73
870
21
127
986
389
449
920
251
783
944
392
70
367
942
653
543
496
236
108
740
416
709
515
678
172
419
604
525
288
836
125
967
401
758
898
789
676
373
585
939
939
180
848
405
254
660
710
814
386
884
696
363
16
192
666
141
904
833
309
801
100
672
211
87
45
208
788
683
410
582
193
534
459
126
64
102
130
685
409
318
893
951
242
48
420
357
396
866
173
997
56
333
970
470
328
496
40
890
582
116
130
612
543
924
229
547
659
260
77
435
916
540
166
144
323
962
983
175
878
686
903
731
563
839
626
772
95
886
982
731
81
575
983
200
314
225
181
138
752
112
952
422
278
708
138
936
856
624
127
637
76
741
52
326
663
603
444
993
517
676
513
27
974
829
93
441
686
688
92
507
867
408
891
548
576
166
896
962
257
414
12
290
718
445
951
729
287
444
458
431
125
943
612
456
265
40
815
852
502
958
244
715
243
212
369
897
200
168
146
191
575
666
13
916
408
418
818
656
285
643
758
22
709
637
214
736
138
106
467
152
320
358
980
942
255
498
874
623
835
800
344
422
357
436
639
207
926
433
812
233
59
472
243
136
544
5
311
769
231
714
986
131
695
469
115
461
84
347
98
298
321
641
254
611
66
814
489
556
784
198
655
306
10
832
162
218
120
2
241
852
352
645
141
964
627
919
176
241
892
286
477
630
800
477
417
431
31
188
621
676
318
474
809
847
466
989
343
422
805
574
629
698
408
863
843
697
872
470
189
982
168
179
777
681
223
890
111
97
519
486
13
847
813
378
864
157
457
841
682
110
974
300
848
825
628
56
422
468
610
998
768
788
834
178
549
701
393
698
308
410
335
740
177
874
458
824
206
741
586
580
223
523
582
2
135
113
938
993
741
208
513
386
280
724
221
123
273
444
447
1000
18
821
86
896
597
420
38
699
478
639
290
373
344
623
658
743
894
351
250
577
171
317
650
939
543
666
274
646
126
589
605
862
375
155
469
895
768
508
493
825
412
50
776
489
113
985
449
982
576
782
469
7
732
31
567
139
330
551
618
495
294
930
881
100
36
455
622
926
981
231
296
166
116
475
832
860
969
558
392
731
980
295
167
618
944
378
523
391
103
34
256
45
651
234
958
92
925
608
72
629
931
664
134
283
918
843
654
84
849
272
672
100
329
255
425
513
779
479
149
143
6
127
245
309
872
715
873
363
54
951
994
279
897
480
757
113
765
29
588
516
880
910
13
875
709
576
10
702
560
713
442
695
754
338
538
88
796
79
193
149
539
892
398
911
811
526
785
289
287
476
573
531
479
864
958
621
258
69
866
325
732
82
576
495
301
483
245
232
247
740
939
70
23
157
770
663
119
529
201
426
379
673
184
435
169
99
190
453
733
974
492
592
152
339
275
709
520
722
923
195
944
66
550
749
234
159
749
328
958
639
540
431
140
48
941
281
947
288
305
40
709
953
94
812
82
210
502
446
344
898
673
488
757
48
760
587
41
829
268
130
117
998
743
237
234
690
438
627
421
201
548
485
171
602
630
764
739
415
281
466
816
446
631
821
660
1000
54
692
400
90
490
426
706
949
516
509
231
363
527
295
76
965
331
48
392
959
881
326
309
10
570
674
419
573
502
737
709
640
247
395
955
840
426
975
485
407
277
470
859
808
201
484
468
326
87
302
878
868
949
939
884
396
430
31
98
24
622
932
816
446
139
362
110
393
6
777
165
375
131
269
838
6
343
86
205
803
562
972
735
800
53
535
343
513
129
501
366
101
648
946
527
658
497
858
557
810
841
120
301
371
136
630
202
726
802
113
520
916
608
213
314
770
487
321
718
479
707
235
66
959
821
542
473
304
996
702
642
910
474
42
82
193
869
670
176
619
40
774
462
269
576
624
601
31
337
408
228
790
272
92
875
501
741
406
511
83
149
599
794
860
56
420
662
98
239
858
927
908
866
59
976
757
452
735
424
538
116
736
604
645
969
295
256
204
523
786
728
436
647
858
221
472
787
554
468
425
831
450
931
346
112
155
525
722
867
339
703
262
792
213
644
395
691
362
847
716
160
994
227
410
64
230
159
557
590
23
546
179
70
489
503
10
946
323
886
234
947
283
315
485
89
84
246
731
254
731
223
838
959
287
734
780
909
914
603
773
448
144
166
979
553
411
552
488
611
801
597
117
559
538
439
955
825
721
997
325
449
803
548
778
745
435
133
28
770
530
829
863
854
609
927
82
716
563
130
545
877
378
615
847
693
206
407
175
928
613
162
86
791
117
497
602
743
447
242
673
826
511
718
920
816
188
784
853
937
439
702
545
713
614
10
884
947
651
955
163
199
187
161
813
891
953
417
854
432
392
487
514
980
291
900
734
505
494
413
584
919
184
359
793
250
585
646
256
713
211
608
817
944
73
62
451
4
239
386
937
863
617
32
157
687
623
445
659
269
927
653
875
81
285
258
161
444
299
940
71
876
191
296
282
225
206
289
582
836
195
79
180
378
50
236
628
250
843
261
863
497
4
933
797
632
706
965
193
793
936
483
60
37
688
837
917
873
683
277
44
812
779
953
862
300
288
484
22
517
68
927
569
272
31
768
629
829
90
916
293
181
160
127
543
515
272
671
84
333
276
847
346
827
57
436
283
90
785
737
589
15
667
79
898
334
369
760
460
971
181
831
778
824
750
174
22
114
213
680
861
64
715
14
857
108
56
503
907
286
510
646
916
311
919
304
647
901
205
943
728
114
489
483
289
827
979
588
200
317
134
674
612
497
613
23
642
697
242
778
144
834
435
108
579
518
492
95
728
619
884
266
240
55
853
243
976
869
299
259
313
941
679
508
831
943
825
269
450
801
391
300
90
991
629
973
456
798
78
534
464
48
433
749
137
831
271
622
669
558
484
816
495
669
94
580
991
879
261
649
208
758
206
647
928
717
684
218
141
318
514
51
204
711
167
540
778
475
632
874
11
375
53
137
724
923
506
125
317
561
891
188
242
674
551
863
188
495
909
592
944
504
144
231
615
812
64
428
40
128
851
943
525
850
157
445
462
377
178
713
443
813
627
769
466
636
124
827
694
699
59
473
800
610
123
644
152
490
726
605
699
211
842
976
455
138
715
75
397
863
673
955
148
59
750
240
403
961
234
592
537
721
811
164
141
570
744
954
716
702
887
845
469
187
324
51
356
571
883
232
265
398
314
600
930
832
759
538
361
707
653
243
971
232
390
992
347
108
782
982
840
534
904
431
925
75
489
746
449
746
613
345
61
348
351
601
947
762
384
926
470
416
631
127
647
914
166
302
803
531
304
478
545
238
710
667
947
720
346
147
386
141
752
265
656
297
46
749
371
726
18
542
59
261
194
39
352
809
913
9
884
344
758
809
313
614
241
306
912
719
828
511
982
84
142
886
972
381
746
432
927
774
606
584
289
638
58
730
233
423
936
262
965
385
443
769
930
322
898
720
623
173
782
867
209
76
438
165
704
409
249
204
142
56
433
693
252
64
302
967
259
853
743
50
590
483
685
193
561
953
688
268
254
16
613
105
29
188
417
423
310
619
248
43
186
132
544
920
296
268
967
500
197
157
344
895
368
388
714
383
948
429
600
859
401
536
439
823
435
457
590
633
751
548
316
512
30
429
475
997
207
890
727
933
340
36
701
410
236
658
226
333
696
883
443
974
486
291
330
666
466
274
998
988
559
359
623
909
993
242
382
738
960
588
308
578
119
17
791
704
584
585
881
86
641
171
128
83
958
495
550
135
715
131
72
19
503
228
943
93
726
610
557
388
228
842
56
159
466
106
903
296
462
920
1000
890
619
570
48
993
495
112
317
214
929
990
770
337
703
249
597
850
212
678
902
513
717
723
340
190
678
678
397
952
904
482
282
41
689
319
517
858
332
579
216
768
460
365
401
285
775
893
104
247
266
746
97
443
29
559
132
229
504
826
982
522
382
436
285
45
913
710
728
586
103
338
811
337
968
340
681
346
828
285
913
260
860
652
195
747
357
291
773
799
482
981
872
408
313
348
551
224
823
995
857
524
72
53
244
880
257
163
518
903
15
101
93
954
279
892
688
762
462
55
559
527
417
686
55
693
576
484
867
232
514
908
448
758
34
855
738
443
156
195
628
399
620
482
843
376
737
151
419
151
347
678
672
132
584
509
786
236
519
574
454
292
953
650
45
167
420
665
334
377
757
254
461
856
108
529
388
939
451
417
969
394
716
973
443
98
899
433
996
264
71
287
851
197
195
838
53
860
946
978
295
891
844
951
738
982
941
675
322
367
47
589
951
625
446
956
667
461
357
624
9
32
256
308
159
829
873
617
974
871
672
474
983
739
142
484
934
633
452
187
920
416
420
188
973
768
273
144
201
849
625
936
338
242
443
273
532
887
636
975
444
949
605
845
301
963
420
838
147
887
253
782
661
602
672
628
354
58
371
970
879
850
774
185
429
793
774
491
196
211
133
116
514
685
661
911
315
127
224
69
169
756
397
673
87
410
97
863
230
871
530
627
593
602
797
448
793
119
331
234
494
418
625
43
470
894
162
184
963
684
10
264
684
334
356
738
691
93
554
30
604
776
70
971
712
50
286
889
741
160
606
482
818
852
844
405
68
641
934
271
942
954
613
528
538
191
352
776
492
719
288
607
674
291
342
163
7
266
805
216
427
920
422
718
510
207
949
436
750
756
301
118
819
112
308
126
500
638
186
929
174
879
195
514
315
667
199
186
199
857
96
220
959
486
475
314
201
544
551
965
215
411
972
602
735
950
966
1
725
194
526
707
384
625
25
190
971
346
343
593
59
618
53
639
858
149
433
835
344
570
794
659
204
645
256
607
830
253
958
840
559
678
715
245
961
648
387
215
967
220
78
560
745
783
235
712
181
599
8
314
32
194
87
833
801
428
524
309
811
390
709
557
746
389
773
22
734
149
182
376
47
880
854
559
119
602
962
56
856
82
743
978
274
79
658
959
687
845
527
332
496
962
344
255
298
549
355
223
885
591
611
980
256
28
470
728
3
290
382
861
278
466
965
795
955
655
511
53
667
312
426
673
528
739
401
392
613
486
965
330
379
319
303
634
639
608
532
392
366
235
976
235
961
715
214
253
131
993
78
954
412
921
407
250
320
989
415
162
618
876
761
432
283
524
472
802
421
812
580
859
799
364
709
616
917
257
249
774
776
70
923
833
220
836
978
197
488
13
755
633
59
971
701
830
497
824
712
287
938
736
492
137
103
207
103
968
694
810
632
539
162
783
38
793
268
431
391
567
20
975
179
588
744
151
673
843
77
446
459
300
992
184
101
122
481
536
89
669
812
469
934
934
796
622
427
583
775
137
885
540
426
333
376
954
222
966
485
844
946
150
320
27
386
93
691
381
359
248
409
271
491
496
409
299
56
633
730
521
293
539
622
92
208
714
992
688
837
24
744
34
244
91
86
457
543
84
10
85
513
68
958
895
341
424
388
445
518
460
654
691
732
39
266
977
889
693
771
750
901
527
710
843
806
396
498
689
292
390
429
733
809
111
393
178
397
398
780
21
954
340
283
55
320
335
609
920
736
173
333
687
72
25
705
226
87
781
113
513
952
450
620
891
78
296
853
146
160
877
327
637
160
249
50
160
796
726
59
964
673
800
957
746
716
652
889
1
661
236
516
31
163
80
714
838
850
400
211
233
262
623
609
434
470
725
177
644
642
116
986
694
73
947
72
249
418
692
428
434
166
797
332
186
109
126
503
764
331
695
311
231
546
937
67
447
581
902
599
832
141
153
161
557
91
20
733
876
194
76
860
758
292
305
178
699
612
72
156
619
926
443
641
9
91
373
869
251
22
629
85
725
778
847
799
578
263
313
27
402
577
590
484
671
896
67
381
146
594
765
756
40
472
296
379
1000
639
669
944
574
857
671
43
506
18
949
463
813
668
586
169
428
118
367
124
98
522
124
131
219
494
348
189
145
38
482
853
906
741
88
97
24
404
37
535
272
685
698
72
91
511
507
442
142
844
618
183
569
818
687
486
947
509
233
4
758
294
945
180
49
93
290
2
86
642
24
441
514
297
765
783
63
83
829
180
542
802
903
259
737
291
629
461
173
800
91
898
785
555
682
100
603
309
164
650
722
852
467
431
626
352
268
261
977
233
840
854
217
735
101
584
853
703
486
210
412
783
625
406
555
993
744
58
803
183
352
65
399
39
68
788
515
333
125
442
648
654
39
499
16
691
775
348
366
940
698
833
940
517
634
925
479
506
641
988
209
155
263
98
985
910
562
146
360
429
203
45
190
141
384
572
133
473
566
225
744
949
711
34
45
744
54
38
261
997
498
86
49
965
899
452
540
960
655
193
38
18
243
617
68
328
72
185
451
403
307
127
518
277
639
974
552
311
526
634
684
600
192
237
295
388
443
120
942
907
875
610
469
839
217
301
331
618
269
853
770
194
379
136
935
269
167
277
176
595
922
349
239
114
942
323
346
107
774
391
800
963
483
910
236
227
500
900
812
516
60
225
572
272
354
572
84
197
540
13
457
540
996
651
180
76
185
670
845
570
488
2
363
457
903
906
652
608
326
915
207
515
707
835
706
139
82
667
274
557
986
840
798
529
788
455
97
724
29
24
517
544
904
805
421
427
290
890
962
393
463
613
267
900
550
970
758
742
315
493
173
436
237
734
429
643
401
920
130
511
687
532
46
918
96
946
827
498
260
4
633
647
721
745
439
222
557
565
44
842
522
164
765
529
702
196
971
222
245
775
836
285
618
901
506
468
273
422
732
191
523
767
323
119
478
456
807
675
259
859
885
431
402
294
725
71
12
724
979
984
248
917
502
639
394
912
962
628
156
324
689
435
434
299
128
953
407
473
692
787
161
334
92
406
716
233
324
53
883
387
212
178
603
232
622
934
75
539
78
399
246
331
660
287
458
851
373
114
124
566
541
58
146
695
382
312
374
129
446
908
511
279
459
133
738
886
345
457
333
122
106
739
374
413
353
191
953
75
647
982
301
38
99
457
447
466
868
223
690
458
709
309
449
523
249
302
307
169
912
412
260
123
555
24
137
922
651
381
158
334
249
980
265
241
822
840
87
460
796
230
169
159
848
309
993
317
841
95
503
320
502
222
583
335
75
171
551
983
198
219
888
932
536
253
85
409
915
318
901
13
452
212
637
436
25
51
457
558
444
380
215
314
446
843
189
73
961
163
218
678
926
366
837
630
75
102
340
525
585
779
595
62
15
811
11
503
334
377
142
491
976
383
299
271
390
77
555
675
669
568
372
922
391
820
156
802
136
190
954
578
458
391
566
389
441
425
902
869
48
826
89
430
185
130
293
791
548
537
634
103
271
142
137
532
96
190
948
943
33
855
970
785
449
121
757
925
605
294
796
936
384
646
886
780
595
626
912
954
511
630
774
127
722
702
152
463
97
545
182
942
365
291
796
34
673
710
443
950
888
461
77
764
872
680
272
550
379
566
174
311
719
190
726
250
669
686
638
25
462
686
608
174
760
739
489
560
485
919
875
970
551
710
117
909
86
467
388
445
759
886
492
900
113
702
214
438
110
299
706
90
431
402
757
347
214
5
7
988
871
886
848
259
361
305
46
390
574
916
149
417
652
183
408
967
846
962
310
710
415
744
399
946
6
54
908
18
142
109
640
443
731
672
411
367
824
690
969
868
297
136
233
473
461
661
395
489
802
593
796
821
972
472
583
700
354
987
169
524
754
267
934
463
155
25
944
380
156
233
551
920
98
903
713
542
775
720
577
504
101
188
579
105
7
272
871
194
516
737
255
191
180
917
281
668
374
532
467
944
75
169
792
483
232
666
936
472
225
70
195
709
554
427
100
437
344
860
617
36
772
879
451
755
502
570
97
381
496
44
406
748
162
516
614
2
691
669
791
228
571
594
943
396
955
570
93
868
278
472
301
891
47
286
190
276
837
411
976
141
722
115
299
552
306
393
547
920
190
264
165
808
675
290
556
850
336
174
103
434
969
353
374
661
255
161
951
461
93
978
294
112
555
203
363
331
861
404
681
48
615
572
197
580
876
345
464
585
470
814
136
295
783
966
120
616
50
587
130
537
118
268
100
798
752
934
794
678
683
622
127
617
212
87
784
818
744
10
86
974
720
34
428
919
965
829
713
753
903
479
273
852
231
554
118
310
796
560
388
476
823
530
797
852
213
208
87
921
537
485
17
170
553
371
948
402
506
399
819
762
336
686
877
19
678
910
730
89
237
955
125
309
251
448
803
415
795
401
418
847
723
901
491
575
830
643
43
290
252
919
110
104
960
955
844
776
964
505
97
553
417
458
744
257
125
842
742
409
558
709
763
168
361
466
456
430
418
150
458
630
459
69
718
399
894
275
506
7
82
5
447
640
390
344
326
791
333
33
347
373
554
545
735
265
895
443
527
566
137
570
24
228
485
56
918
614
29
691
916
522
946
117
962
964
745
984
697
124
40
198
353
915
656
883
456
907
725
488
55
259
951
985
112
269
695
163
86
913
27
37
987
318
171
539
715
329
550
721
957
935
89
452
799
21
897
509
969
139
619
78
257
665
646
17
943
623
845
800
467
864
717
289
283
645
1000
274
960
397
541
639
144
289
318
221
1
599
618
550
538
314
566
540
106
847
610
77
947
106
500
708
835
76
934
909
337
482
505
865
284
618
108
693
813
483
914
707
681
375
662
566
126
776
928
311
749
852
850
328
493
835
994
401
174
76
22
959
269
986
574
302
987
254
645
622
11
240
434
688
575
197
804
543
62
354
581
662
849
109
43
961
117
729
340
694
670
313
819
47
626
830
477
39
163
486
784
297
101
314
739
807
58
127
938
424
83
928
384
149
484
957
986
602
120
610
584
71
982
926
15
925
131
109
954
20
504
799
769
971
77
563
826
461
384
878
116
389
509
509
551
240
207
923
247
775
215
810
881
593
589
644
239
599
658
418
866
30
575
954
313
241
56
763
700
166
332
177
847
389
442
320
711
602
756
477
179
392
333
484
956
65
298
289
37
229
965
386
870
569
501
604
176
770
819
618
290
304
600
329
381
646
715
46
6
145
697
495
988
731
764
185
803
561
687
285
685
140
208
452
471
872
795
306
959
935
43
277
836
699
462
313
55
513
419
689
532
617
956
565
817
225
638
283
647
8
466
91
797
433
435
426
554
206
718
33
987
953
963
900
854
824
105
876
879
209
424
800
231
67
20
267
207
933
81
552
423
127
703
960
182
42
432
571
117
518
381
401
360
840
104
571
601
402
229
899
771
415
865
804
678
878
954
703
599
776
887
905
255
891
627
943
517
456
312
852
111
433
875
550
819
883
702
675
394
67
414
253
283
462
44
917
652
242
12
146
254
251
868
795
192
260
346
511
186
257
501
531
371
713
517
819
486
580
892
755
726
708
990
866
288
965
836
723
306
368
943
285
331
453
295
685
751
760
94
57
920
427
289
4
232
270
322
782
270
612
85
811
345
6
45
173
636
859
891
448
26
560
803
362
686
946
42
463
437
459
291
516
877
472
563
640
95
829
24
951
175
969
833
273
356
277
743
449
252
620
68
808
661
195
362
79
826
465
722
512
937
61
723
760
155
132
709
556
810
106
502
141
718
60
969
930
52
934
270
137
886
537
102
426
847
909
246
909
406
914
966
718
139
303
418
10
897
124
854
817
896
925
744
71
718
926
415
356
775
846
222
842
379
1000
296
960
405
691
879
813
187
466
541
507
904
225
708
809
843
700
629
6
64
251
61
309
246
492
826
116
638
761
897
221
517
484
589
20
974
641
152
917
786
791
980
978
841
989
584
457
157
883
638
420
141
148
263
721
383
588
815
335
803
762
621
808
40
479
657
220
378
11
257
427
114
135
518
520
276
887
308
639
680
341
927
704
883
707
784
447
413
995
881
465
564
565
160
465
290
106
331
426
604
590
316
391
62
195
221
491
492
810
73
81
626
838
808
174
744
89
169
837
27
321
176
183
360
23
185
727
62
941
359
147
412
728
952
774
613
888
286
85
307
121
342
559
333
473
398
693
600
625
177
882
792
2
203
224
838
844
115
76
84
258
999
584
899
731
766
363
478
265
357
862
65
168
835
953
565
932
850
137
212
195
27
157
451
264
69
251
940
769
656
875
588
207
595
990
385
214
415
71
366
406
137
735
4
353
503
982
735
648
508
751
240
486
444
130
74
382
318
548
505
577
727
95
258
326
301
390
904
192
843
968
470
526
460
733
885
527
304
204
133
853
518
448
975
71
208
764
380
329
243
928
707
959
567
939
994
724
752
569
18
946
66
269
712
507
772
441
490
958
864
116
156
445
844
380
64
450
816
992
59
407
924
49
275
325
457
655
43
461
537
872
305
332
427
766
774
106
294
412
613
185
652
483
725
451
915
586
613
655
785
465
904
981
285
404
720
874
538
303
806
288
949
197
251
111
621
967
687
532
191
811
67
532
412
188
525
570
90
802
782
222
488
729
18
21
35
321
859
426
10
32
614
718
558
899
460
807
603
595
841
167
798
754
442
940
801
630
618
363
654
639
933
492
363
153
701
513
850
651
927
463
964
21
569
934
674
324
34
762
832
177
916
774
469
812
147
956
265
112
558
578
46
220
914
181
454
130
120
259
581
169
236
584
584
348
377
227
710
169
948
425
815
762
783
349
747
624
658
53
17
584
683
131
306
932
73
302
477
38
947
386
449
142
984
535
679
112
301
233
146
366
542
133
983
453
990
745
539
827
426
272
728
690
624
564
980
212
101
106
158
49
190
679
85
818
396
444
660
705
609
547
840
472
285
457
531
578
275
926
26
322
874
225
366
997
26
239
378
274
432
10
248
793
756
955
772
548
237
302
236
982
40
68
205
599
321
491
241
704
151
676
528
496
447
888
186
100
754
166
599
357
357
918
165
755
766
780
966
716
147
142
378
48
383
547
948
903
651
170
857
933
698
414
437
176
350
731
558
670
783
576
5
759
599
161
336
297
551
576
283
850
801
579
891
121
7
84
251
456
503
136
380
778
93
504
173
318
769
554
259
38
890
151
580
793
790
211
903
599
393
467
922
762
939
241
520
841
880
276
924
1000
905
554
200
81
57
164
207
161
649
547
299
245
231
530
507
233
185
185
389
915
377
755
461
991
904
689
93
491
819
120
193
634
327
706
859
553
995
534
294
722
288
4
220
560
914
597
412
994
858
435
970
503
794
711
312
396
644
559
36
116
462
450
379
887
391
383
672
748
209
695
186
222
368
108
643
398
397
948
73
415
195
127
580
307
54
420
735
44
4
896
842
217
671
752
568
252
287
584
257
315
319
459
607
22
96
591
979
713
977
511
451
686
177
526
484
400
240
258
606
986
983
559
826
322
184
814
29
433
230
603
985
505
550
799
666
470
42
65
266
137
189
105
374
727
847
952
586
555
970
854
141
953
312
584
875
130
851
34
774
564
99
546
413
671
753
210
78
359
666
440
894
475
746
744
432
514
465
997
643
276
315
492
537
648
814
142
476
803
869
924
46
957
882
704
45
995
195
478
311
56
987
98
919
713
724
487
231
643
431
121
981
186
543
235
863
79
379
98
825
985
545
974
409
6
279
775
250
836
233
251
388
77
737
23
946
665
862
554
67
561
9
745
90
715
191
943
28
386
298
892
166
928
430
783
261
735
384
969
719
913
615
867
978
173
273
141
988
381
546
993
643
192
297
779
28
707
718
666
431
213
868
891
104
280
226
519
625
644
201
98
481
32
279
80
511
745
407
994
583
740
154
922
42
20
353
188
218
136
779
216
169
131
698
325
509
956
828
154
162
958
443
906
873
951
209
682
44
417
928
240
895
966
383
891
949
839
351
679
544
180
644
671
132
853
282
313
152
720
775
177
24
816
688
42
899
90
223
116
794
841
874
806
533
257
206
154
451
925
694
531
8
368
45
242
480
992
744
452
361
823
731
675
912
358
203
236
36
940
905
953
908
713
775
216
97
267
94
91
368
105
518
811
503
898
665
675
702
627
668
509
612
142
607
100
453
522
220
60
466
55
266
214
13
711
732
429
78
171
342
771
469
619
158
606
39
237
953
67
48
428
731
284
887
872
150
506
106
664
686
581
950
134
146
818
555
396
575
485
334
597
355
18
392
844
529
324
299
237
266
57
788
49
630
810
47
903
368
138
897
97
433
481
654
79
18
410
114
7
480
464
645
827
742
195
560
135
459
308
230
521
155
319
870
755
272
894
580
921
695
549
8
202
444
360
825
71
632
555
915
670
328
19
17
921
836
181
78
707
172
722
501
987
721
452
961
421
114
101
199
234
581
472
44
517
382
599
598
791
673
127
851
324
730
273
484
684
796
629
402
391
197
695
809
638
942
172
661
925
991
279
586
321
928
916
782
909
841
498
76
87
466
139
492
945
653
391
976
500
979
564
897
168
812
766
271
943
516
409
664
896
505
725
375
901
337
542
135
176
8
516
32
767
302
748
972
479
816
17
68
503
194
906
433
825
120
416
538
925
193
634
513
421
677
778
146
675
291
184
657
371
618
755
967
625
131
227
475
485
72
19
562
179
542
225
208
777
426
337
288
612
272
672
875
400
96
10
809
752
191
461
726
341
511
389
351
555
131
13
92
431
154
684
275
218
411
109
242
459
72
552
179
52
165
297
605
554
980
916
566
795
76
896
386
367
787
489
685
725
709
532
728
570
798
426
65
935
880
356
615
692
191
245
689
410
401
325
963
457
80
213
113
598
898
252
129
878
77
51
2
694
837
763
416
233
297
15
55
446
485
9
690
297
937
515
245
393
974
682
398
638
436
192
71
731
897
558
521
486
128
901
166
369
409
480
680
959
153
459
399
121
148
311
60
165
84
812
131
340
545
840
185
598
5
752
231
951
396
326
314
439
46
336
13
931
491
403
835
186
396
827
597
375
372
904
710
331
375
626
962
217
116
219
83
66
32
888
444
826
218
128
322
918
467
615
160
768
120
390
330
155
156
449
598
681
915
494
326
912
821
442
368
922
29
136
880
653
274
698
221
502
409
964
117
981
411
165
997
136
709
210
27
42
376
564
565
864
779
732
175
201
793
522
309
81
925
663
685
235
30
908
194
488
342
510
57
144
333
662
481
840
123
403
576
202
648
808
870
845
277
105
60
465
327
153
877
514
844
378
535
580
125
177
536
69
982
383
835
718
424
816
513
278
978
140
79
608
743
813
434
220
828
76
443
452
736
21
606
354
911
248
204
534
529
81
445
539
841
145
323
99
662
326
327
790
201
602
22
412
543
558
695
393
548
767
522
393
866
633
700
375
974
781
291
356
169
659
338
53
516
920
723
373
983
442
267
118
886
629
614
356
535
307
153
331
972
915
231
24
864
462
281
513
823
613
410
846
207
664
413
721
839
495
386
125
92
558
434
602
385
770
992
521
906
180
768
241
115
881
808
758
241
913
54
814
759
230
110
562
198
563
567
793
891
635
957
454
164
304
397
968
880
956
13
712
916
574
996
289
183
983
181
407
818
955
92
150
169
959
578
126
682
252
459
596
588
665
439
826
881
492
989
183
906
79
336
435
521
947
609
762
239
443
95
489
34
85
54
364
154
840
224
289
601
415
401
769
456
903
764
926
539
102
662
368
524
338
779
894
825
679
527
613
423
493
697
792
612
221
542
983
667
159
680
797
497
562
213
615
77
987
362
166
22
44
135
754
927
482
840
655
382
33
381
879
406
814
931
840
886
981
223
273
173
216
726
239
105
705
917
812
684
378
778
939
794
358
406
238
658
893
97
671
66
67
189
270
685
618
270
213
1
861
334
723
786
584
871
676
192
870
636
406
741
786
839
112
944
786
326
103
160
233
550
983
643
349
747
420
733
896
707
492
196
465
278
586
618
1000
643
824
525
584
960
37
648
48
317
258
847
646
920
470
414
866
899
187
548
147
977
964
731
113
499
278
725
2
50
477
56
201
507
19
36
298
358
18
419
141
884
656
250
703
595
399
722
990
793
395
268
93
790
524
517
202
915
412
625
778
96
411
797
579
476
132
35
440
267
293
672
977
820
995
149
446
142
399
358
820
966
359
456
582
168
786
701
475
670
665
958
404
563
246
531
155
224
162
719
785
560
791
319
80
350
305
846
339
378
686
209
447
602
288
572
514
795
56
927
858
783
979
321
260
617
764
279
863
265
201
141
397
858
522
217
145
775
382
423
606
672
181
279
680
173
106
59
897
743
882
99
241
403
26
732
315
508
501
223
247
165
598
540
873
112
376
44
558
840
898
705
85
720
999
665
876
379
762
397
604
26
663
907
365
907
719
472
431
62
862
56
645
1000
648
956
347
281
978
736
26
165
493
449
518
14
856
821
5
690
285
111
620
346
73
197
841
980
451
852
162
606
556
218
936
556
111
179
696
405
217
793
103
872
621
861
845
206
217
166
572
847
688
924
178
599
762
476
653
359
49
410
932
491
8
211
41
725
191
521
611
594
304
482
214
746
756
158
620
509
828
715
984
831
53
851
82
64
61
643
374
88
508
305
752
515
98
594
900
27
233
382
107
749
832
251
666
869
517
994
914
678
264
120
803
802
706
635
430
715
26
632
112
937
590
621
370
748
138
790
642
677
525
579
538
336
421
630
413
534
951
477
978
738
837
551
270
561
116
30
143
341
479
518
300
900
40
867
781
529
287
362
19
52
728
582
621
806
527
166
453
601
481
825
25
530
898
314
484
844
883
986
214
56
211
743
379
30
35
373
763
963
704
182
901
521
879
893
939
962
556
427
223
546
463
794
794
12
779
291
115
316
621
430
921
294
8
839
6
563
285
318
54
946
752
412
557
504
210
693
648
330
769
296
731
2
945
426
452
802
154
295
409
240
189
280
187
295
692
396
403
97
327
228
567
267
593
723
350
702
330
790
546
353
894
189
799
118
928
729
882
779
208
30
87
300
859
416
358
566
327
214
716
874
775
782
101
668
226
987
514
169
943
631
521
851
556
156
827
616
985
823
829
794
930
969
787
624
921
228
55
921
481
609
36
468
571
199
992
979
809
587
5
210
49
15
171
455
763
368
96
547
601
67
216
462
375
674
820
882
410
815
244
179
624
573
83
893
498
168
341
568
555
907
709
606
265
357
347
312
429
53
630
444
33
520
823
948
932
766
828
285
211
749
23
629
113
500
205
301
524
736
543
302
145
13
279
334
125
313
792
500
129
486
222
965
444
871
265
415
986
723
292
317
377
144
123
858
122
916
705
676
505
656
235
727
209
813
892
417
312
361
454
888
773
42
551
809
293
416
500
863
710
957
341
883
160
940
751
908
740
675
215
453
789
663
190
48
308
482
631
903
391
567
675
678
369
942
72
867
154
789
92
423
364
863
27
131
555
425
285
492
384
605
312
285
287
848
926
112
293
561
671
366
112
443
69
776
710
153
406
65
504
493
533
705
799
536
541
999
418
599
331
847
590
225
260
107
530
474
1000
508
353
384
196
813
451
46
796
33
650
471
837
538
1
654
603
350
327
250
153
273
962
972
47
314
505
130
545
253
447
161
126
139
972
892
96
790
503
299
190
851
221
309
572
442
886
942
903
495
199
368
320
266
843
233
532
854
731
975
899
913
2
625
591
363
307
747
673
999
225
128
839
647
754
949
82
757
953
821
46
850
111
111
314
673
991
938
355
811
890
982
181
394
23
131
931
24
914
458
340
574
843
498
603
723
449
300
288
550
423
99
786
177
367
41
362
375
606
520
83
931
286
491
220
554
462
355
150
709
201
495
324
443
390
260
75
630
152
988
100
189
342
20
269
220
442
20
508
957
410
826
749
905
16
84
832
12
491
670
486
294
228
203
404
262
709
517
803
935
943
229
125
63
321
359
455
184
366
398
399
728
523
123
154
488
705
770
911
88
755
468
112
245
215
29
225
214
808
461
929
505
679
412
741
102
568
135
138
833
754
790
208
392
483
508
149
668
756
469
47
659
346
262
754
685
623
497
12
307
533
231
128
16
265
588
950
891
57
806
255
1
924
141
512
154
254
890
463
990
834
653
480
965
237
834
842
643
824
574
306
717
700
402
245
439
962
693
667
486
493
292
6
715
993
884
268
212
209
528
535
101
224
983
812
343
749
992
795
155
8
29
878
121
631
909
845
483
241
123
539
424
139
830
625
913
469
773
103
731
378
195
97
91
458
482
206
834
70
812
801
135
403
311
358
837
132
618
675
761
555
673
59
353
522
701
608
994
827
186
998
696
617
108
963
254
30
201
617
95
964
277
337
131
149
989
900
226
431
466
983
417
379
21
665
552
764
723
582
84
59
645
941
924
897
2
713
946
342
657
504
662
460
236
783
374
398
776
631
732
944
114
162
586
463
359
657
440
944
345
26
748
97
474
272
233
32
950
110
281
375
166
977
912
264
900
833
65
223
244
834
49
107
425
801
292
135
882
277
852
167
75
81
912
366
303
381
482
80
165
304
649
949
614
715
765
598
375
745
4
617
370
903
217
838
979
505
203
161
602
608
281
199
258
687
147
333
419
885
842
862
527
505
453
784
332
538
609
678
802
387
91
359
994
43
212
897
678
256
619
390
597
99
627
752
176
790
578
875
805
334
209
239
881
865
825
49
464
391
584
731
778
770
871
910
373
262
69
160
37
262
509
271
733
166
670
798
107
951
308
861
927
208
874
95
49
442
503
998
586
399
457
545
40
302
610
565
105
907
453
725
40
807
311
860
51
313
750
755
416
790
192
258
360
986
728
102
23
121
176
208
798
784
746
957
965
351
180
132
624
661
214
544
991
756
778
931
601
759
772
738
53
727
413
601
117
392
848
288
882
751
544
525
151
49
424
846
287
330
399
241
779
488
847
455
586
311
389
761
578
172
257
333
275
955
226
3
522
227
841
385
291
676
640
240
506
48
662
976
620
938
261
308
475
550
838
3
261
809
418
433
409
567
581
112
586
414
937
746
673
962
511
288
338
116
697
454
53
13
848
809
182
706
130
150
276
833
314
447
196
509
909
585
95
302
52
229
938
455
819
433
592
148
882
27
398
278
967
162
14
487
878
857
791
493
985
605
236
590
894
829
654
794
530
509
760
554
6
197
870
912
744
398
384
912
507
674
5
41
134
890
471
500
37
915
600
204
846
364
952
998
476
719
390
946
177
943
687
96
378
480
810
973
464
109
30
203
655
156
705
330
664
341
50
786
346
860
342
757
402
747
274
267
187
900
586
961
460
521
600
615
34
203
511
22
749
612
525
697
44
965
61
722
142
251
522
207
200
29
349
92
256
470
764
592
837
411
181
828
42
504
509
128
269
670
108
840
680
65
648
181
453
156
944
116
424
729
603
928
116
113
673
512
920
757
43
72
480
603
49
327
871
945
351
131
154
46
526
772
350
96
823
511
203
419
913
358
692
256
691
953
588
753
42
647
242
333
646
170
171
411
730
614
639
619
35
707
262
783
69
988
710
56
550
858
3
645
709
384
769
982
314
818
380
609
167
658
802
783
783
597
375
480
214
337
182
857
146
486
463
563
266
499
329
543
185
239
305
755
229
109
88
686
314
762
223
744
534
550
292
688
650
594
791
428
17
621
105
824
40
789
699
154
416
870
245
54
655
202
428
750
108
100
361
849
223
903
359
282
156
53
763
724
835
66
706
154
983
219
85
458
542
140
195
295
630
238
33
187
174
678
22
448
756
297
23
371
488
645
865
684
699
227
645
997
929
621
870
649
389
761
653
989
641
853
157
612
812
489
18
152
236
558
816
488
142
590
347
663
178
334
451
995
997
248
865
379
508
844
569
144
343
431
979
212
654
307
295
212
786
411
61
204
797
710
507
806
301
884
483
513
904
957
438
687
852
465
842
779
456
408
389
307
193
983
103
395
180
991
975
970
251
997
142
720
27
552
471
164
89
854
293
260
23
622
630
153
366
545
318
990
715
50
469
951
770
261
932
336
82
397
712
213
655
920
575
748
463
615
279
906
241
986
920
536
24
895
404
725
699
876
803
425
570
555
656
110
383
35
888
766
756
493
342
850
120
849
396
947
341
968
959
337
487
671
765
896
210
66
938
672
861
739
870
135
392
20
966
664
363
590
167
91
684
708
247
424
863
501
870
816
926
433
661
581
487
108
942
63
804
676
481
467
685
652
550
884
308
180
195
380
536
560
744
749
158
388
805
668
512
740
406
158
904
914
214
231
459
599
393
496
553
871
508
862
163
817
76
359
960
223
446
563
422
96
33
732
713
423
924
767
686
803
330
336
558
168
533
41
975
981
902
652
867
454
474
718
121
336
248
631
948
680
883
762
114
468
304
858
107
940
670
724
814
421
457
18
696
718
502
203
696
29
442
622
472
80
615
501
872
944
906
564
513
215
923
825
202
859
883
827
333
752
379
830
526
236
370
79
822
989
784
60
786
232
776
553
294
85
671
174
66
948
893
172
773
906
796
295
115
565
656
89
369
99
154
151
480
149
442
396
122
1
237
940
592
501
239
690
384
621
659
577
130
325
823
972
305
244
770
11
441
245
333
668
68
603
965
539
483
202
647
684
253
526
589
281
73
329
672
756
443
442
626
803
158
414
689
15
714
316
8
99
236
606
75
15
792
165
16
676
107
290
4
315
592
308
399
342
642
821
886
417
588
221
17
821
675
992
224
181
11
740
577
1
523
962
647
414
243
405
759
141
122
942
682
958
783
121
405
800
129
460
126
532
724
619
266
72
732
474
412
560
808
958
832
601
40
130
639
831
717
532
757
264
237
131
20
248
757
925
814
551
85
200
86
398
760
462
940
144
74
151
691
373
590
329
748
895
678
185
386
892
840
603
265
101
654
751
442
178
642
334
25
900
436
69
684
424
459
618
402
370
493
948
382
346
117
996
461
524
411
316
518
495
562
932
872
430
368
305
468
903
926
854
130
737
527
302
301
275
625
629
194
133
214
868
683
747
542
493
969
522
839
36
53
694
305
276
106
192
399
273
592
318
556
494
905
667
730
381
843
512
355
628
616
950
923
134
364
571
282
235
642
928
137
120
397
106
975
81
666
995
241
747
841
361
240
693
318
638
109
325
758
821
96
829
204
821
288
14
950
732
990
497
434
256
561
801
129
205
540
531
522
932
952
597
733
643
719
238
380
679
975
821
277
591
673
656
709
236
990
316
69
18
694
374
767
336
987
544
85
230
494
157
309
958
686
390
850
664
341
174
674
989
708
290
278
236
819
18
154
688
61
703
919
226
250
515
912
907
518
444
340
240
600
83
836
198
401
238
880
247
636
53
47
785
467
128
749
257
312
746
618
269
51
991
304
573
950
28
857
930
83
418
160
627
441
779
949
788
510
873
606
363
73
370
878
120
825
284
187
918
362
987
292
668
474
639
811
348
742
453
193
488
650
77
150
936
39
843
874
744
153
388
832
672
685
902
82
598
880
919
206
857
202
456
327
481
292
11
915
870
602
527
809
976
161
468
690
450
897
829
84
774
111
730
906
901
494
704
613
25
832
13
202
20
609
957
662
520
904
653
223
67
630
175
771
943
902
373
30
959
222
814
432
406
34
241
804
968
157
610
292
463
546
954
796
938
421
8
317
963
856
206
822
742
526
178
887
310
570
667
50
817
901
836
636
963
541
52
560
311
530
106
414
694
498
512
922
658
828
748
632
87
830
681
274
12
59
548
766
838
620
92
868
271
649
74
867
605
131
874
195
792
556
561
557
49
533
241
622
234
841
931
150
911
925
197
932
400
363
799
827
549
353
145
711
145
92
200
789
556
11
796
560
837
972
476
167
494
376
229
830
888
439
697
890
31
6
566
348
678
965
118
536
147
231
286
196
594
421
386
610
376
701
5
544
483
101
613
415
55
472
58
960
830
922
511
99
613
55
193
113
766
171
616
838
130
497
102
871
826
76
563
251
913
778
989
432
24
863
201
384
440
283
195
925
175
314
997
574
344
940
120
5
313
61
604
68
371
872
377
587
903
483
114
157
522
137
357
139
718
783
682
995
164
685
873
155
406
20
619
751
466
149
368
930
814
470
533
968
931
347
69
200
488
281
963
746
520
400
142
42
311
881
109
469
29
770
635
268
59
362
895
478
308
296
326
639
446
705
422
286
76
889
623
403
988
487
932
482
506
720
503
856
997
103
484
51
66
631
586
651
245
720
469
478
361
48
818
352
518
148
804
893
625
824
482
874
219
842
767
199
187
773
446
918
770
123
786
756
711
516
992
329
352
736
121
399
68
717
351
708
30
305
851
434
125
680
963
335
799
758
561
331
373
263
995
40
688
999
385
940
750
322
802
287
775
704
939
532
495
876
593
362
690
748
301
839
947
800
984
336
29
435
987
674
876
585
791
485
671
567
858
457
276
260
137
233
23
782
822
918
198
70
898
769
490
884
593
974
510
952
982
799
415
748
77
130
859
538
586
214
997
724
323
408
106
351
272
763
808
631
919
559
378
845
143
732
658
546
891
417
351
342
914
779
620
946
784
152
755
179
179
618
934
611
528
218
626
194
228
314
687
49
143
937
798
504
438
691
871
723
941
65
474
486
420
16
993
876
560
236
823
310
938
137
376
11
154
194
831
46
984
403
160
652
466
90
631
272
311
545
925
645
623
696
491
301
884
593
281
91
360
281
399
137
379
982
912
851
215
887
546
522
431
106
954
425
934
252
740
875
228
104
256
811
92
404
237
119
25
646
371
238
290
73
892
336
20
566
806
837
492
715
897
989
772
116
463
247
564
924
737
276
204
108
812
193
588
796
942
877
88
54
900
301
445
421
906
354
407
795
686
206
736
299
152
755
485
320
523
22
441
62
199
860
24
804
962
721
751
278
816
123
864
605
941
82
926
698
661
301
983
777
531
68
19
182
936
871
840
627
775
570
825
859
567
817
765
346
684
335
639
822
491
798
3
930
708
200
91
247
261
242
256
375
732
490
794
724
115
867
116
959
226
105
330
553
350
766
850
739
894
115
340
354
759
172
976
687
421
787
121
141
386
85
321
808
463
731
831
761
734
622
54
188
969
172
906
560
99
546
169
803
296
420
363
888
23
979
477
426
432
647
123
644
673
959
596
280
816
839
777
394
569
815
474
941
692
675
928
894
580
858
314
465
697
432
411
141
602
17
212
961
897
492
249
613
815
203
725
756
747
95
630
33
465
213
467
98
360
69
580
269
78
293
4
209
741
932
994
727
687
128
139
57
469
547
775
691
992
147
747
362
155
504
503
371
259
178
659
355
585
462
752
811
302
196
939
40
713
535
851
676
441
13
735
518
333
35
109
760
164
707
390
254
618
687
892
259
443
359
101
197
498
390
659
942
27
307
941
770
288
591
137
173
653
945
714
532
600
594
717
346
609
40
999
290
657
690
665
670
894
618
861
439
5
85
633
361
945
713
318
8
645
556
244
44
569
16
497
495
77
398
725
317
486
103
180
715
768
498
199
171
329
418
207
677
936
477
737
128
576
986
167
311
235
52
3
363
18
9
894
756
685
757
409
873
347
42
647
331
217
644
41
814
155
992
605
633
702
632
943
711
311
499
869
924
894
786
543
374
151
56
916
614
970
260
439
831
159
528
618
967
912
789
510
235
599
357
627
572
72
570
126
709
846
615
417
180
638
734
629
169
955
422
123
430
142
728
432
356
688
766
527
73
6
488
330
250
210
588
937
777
222
396
610
327
392
161
912
670
998
844
478
234
834
