407
808
97
124
79
705
561
842
7
913
131
262
986
138
122
968
889
706
195
712
205
405
15
811
937
534
61
600
521
226
396
535
383
422
503
143
718
209
317
741
924
253
520
431
432
258
150
160
54
112
669
202
305
597
193
262
95
227
22
996
464
740
602
444
46
698
303
600
392
209
101
115
991
213
137
651
217
991
419
593
215
911
396
286
250
133
278
926
192
492
692
533
660
241
60
83
141
336
511
888
676
361
237
599
862
790
850
452
14
534
983
685
224
43
648
742
102
177
995
841
809
953
394
784
252
126
470
571
260
797
245
198
605
773
659
259
896
151
352
511
184
611
224
769
57
213
334
718
883
110
840
744
988
653
347
869
90
90
191
419
278
693
512
74
781
559
864
491
484
626
291
887
691
832
92
861
84
133
418
773
803
298
811
869
826
251
819
84
14
176
981
101
846
360
819
659
395
646
204
896
398
271
5
384
18
180
666
786
557
43
876
528
892
489
625
162
730
682
829
215
97
285
928
596
150
239
939
607
230
900
87
451
687
527
285
556
631
576
168
892
594
110
914
667
554
867
352
595
747
584
491
591
211
244
846
403
140
812
462
963
659
928
484
42
308
508
662
758
635
797
705
283
423
730
786
481
820
551
714
104
879
872
80
175
17
550
361
174
351
201
897
524
551
983
491
422
506
998
515
76
472
35
178
87
103
139
597
524
754
714
697
860
667
847
938
162
132
439
365
792
877
887
173
615
513
423
189
507
362
240
399
550
969
374
967
317
333
669
23
572
807
423
662
327
902
733
160
389
946
77
451
372
685
440
500
441
110
379
620
80
654
177
590
836
905
607
928
643
724
706
498
65
520
530
671
761
727
48
275
534
922
480
522
863
709
779
289
750
64
204
999
333
275
265
702
432
260
132
431
591
142
963
289
504
250
501
229
35
318
531
297
262
172
109
854
864
345
760
348
55
99
433
925
299
688
404
527
749
459
803
257
940
744
883
650
828
302
356
976
240
294
566
774
483
639
758
838
896
31
690
480
146
291
280
646
584
576
446
261
961
560
340
101
929
851
156
749
763
239
783
745
342
248
173
13
989
717
992
739
53
520
811
213
19
498
110
984
331
28
489
704
41
960
424
292
104
395
441
909
486
145
609
560
448
679
644
317
908
812
738
241
63
382
321
305
738
803
740
954
343
3
211
655
743
645
429
102
840
492
921
467
623
669
267
781
260
356
269
408
967
762
814
339
681
207
932
293
582
349
454
175
141
448
502
29
157
377
578
219
926
502
966
621
158
357
39
267
848
451
185
360
374
266
978
612
803
332
208
721
648
789
66
827
71
141
32
150
931
786
923
674
294
100
788
648
313
839
719
922
767
938
558
741
423
32
330
823
429
608
781
499
779
747
576
427
826
382
805
558
483
531
148
123
135
646
317
348
587
649
128
352
748
652
918
118
68
966
212
263
851
706
925
190
189
39
587
966
79
29
662
527
511
94
180
33
964
728
565
579
502
218
265
656
165
33
572
165
664
826
478
996
157
58
193
125
30
272
834
982
795
674
393
112
367
366
647
452
255
143
758
860
383
229
828
846
151
564
530
638
317
877
551
522
796
254
507
468
689
350
681
843
451
79
474
895
294
81
523
510
52
532
691
214
932
242
998
531
88
418
960
811
806
41
83
891
947
803
739
718
676
534
40
666
50
795
914
107
537
60
772
957
579
896
359
492
641
702
528
601
495
661
278
984
579
391
179
664
276
612
905
815
738
522
837
618
263
138
659
478
358
736
52
712
339
556
776
431
17
744
681
776
687
313
139
84
741
472
866
792
234
950
538
788
744
208
804
195
963
305
192
69
216
362
345
302
119
989
119
92
154
657
562
860
151
639
958
137
758
201
19
37
849
273
609
706
427
550
733
746
881
153
871
572
999
314
456
195
835
22
599
86
796
632
453
527
521
119
253
861
474
358
560
951
218
413
412
415
64
504
142
407
105
658
211
651
274
424
771
926
894
927
943
78
229
257
488
18
627
914
943
866
36
110
839
565
480
748
911
805
400
51
333
70
576
190
740
393
95
248
776
679
190
483
526
734
490
712
684
579
829
733
114
959
120
344
2
818
808
820
955
986
240
208
297
642
383
80
131
604
959
544
86
513
82
813
681
707
740
546
167
580
651
307
747
31
147
59
692
949
133
786
172
665
70
413
532
438
411
40
810
768
622
652
88
856
786
397
619
727
985
208
48
62
135
652
327
529
266
266
451
837
991
708
334
704
667
942
757
755
405
