351
40
746
415
489
700
978
931
802
993
762
634
645
396
664
416
931
990
12
164
746
530
802
601
416
601
736
179
240
604
310
806
118
757
783
934
954
63
350
914
220
794
614
682
973
903
707
282
263
177
77
871
818
413
335
942
786
793
196
744
138
927
580
952
985
564
101
193
407
696
728
292
611
204
179
353
502
63
495
829
343
782
956
161
906
670
973
683
120
620
836
805
839
346
999
16
676
67
305
541
384
756
123
701
711
476
582
803
235
471
933
559
330
876
562
544
661
618
40
297
116
390
134
900
880
154
502
37
676
888
55
490
223
564
480
763
751
581
560
253
63
195
362
632
461
300
844
41
641
842
31
796
283
73
151
340
652
683
165
733
916
651
10
8
523
472
708
66
498
843
749
967
756
579
925
99
21
687
353
849
669
704
7
964
143
761
816
509
740
192
552
560
569
77
397
646
837
344
62
426
354
193
192
661
797
521
307
27
559
929
892
125
134
731
657
523
442
649
841
457
851
262
548
742
300
526
471
831
899
870
341
332
755
392
869
712
488
635
504
152
205
876
51
54
675
115
290
11
246
661
117
2
429
35
38
367
606
998
514
570
414
228
801
259
719
671
332
900
607
14
933
435
439
7
311
525
42
855
443
61
498
71
245
585
261
137
468
527
397
468
360
288
127
671
139
56
713
120
506
54
288
447
994
17
529
499
358
497
609
224
324
753
239
237
254
177
977
36
845
693
139
954
203
920
131
165
363
835
741
747
597
162
49
273
174
892
90
490
918
949
103
449
874
329
403
773
145
640
105
673
923
589
131
174
139
673
157
510
88
477
174
311
634
444
218
86
626
128
63
632
168
6
339
781
8
579
535
874
619
506
913
278
111
910
499
654
965
531
459
120
117
297
92
12
568
975
723
969
290
515
295
455
849
738
419
612
830
913
92
797
594
697
575
607
10
887
262
28
941
409
781
992
234
986
182
180
999
216
716
934
553
836
238
244
829
509
691
713
378
495
584
682
744
362
461
480
45
427
605
217
82
5
227
297
625
73
316
316
772
771
344
631
294
107
59
827
627
413
581
913
211
489
924
742
885
178
317
992
861
956
158
683
467
243
349
182
280
944
388
583
312
374
1000
7
754
604
145
311
35
359
759
744
809
577
357
448
86
45
5
359
950
984
921
416
856
308
103
725
33
919
633
733
985
762
301
638
598
888
908
833
980
406
566
168
167
882
480
778
205
222
872
719
355
875
846
663
657
290
882
315
481
889
624
290
640
499
705
807
474
899
177
138
134
62
578
486
966
835
52
428
829
601
452
647
648
715
854
890
127
661
358
574
799
345
891
752
124
820
553
507
987
36
376
214
964
637
575
675
813
924
917
758
629
413
989
404
647
12
299
217
894
217
583
165
262
385
185
664
617
198
335
612
964
613
874
170
628
758
800
226
119
277
615
358
751
450
348
134
235
826
433
465
982
75
527
95
979
123
322
873
114
589
120
661
765
834
260
156
559
521
932
968
765
327
457
921
654
935
341
60
188
495
975
324
873
8
304
521
190
337
450
203
955
415
680
153
99
559
712
186
860
711
311
392
996
46
989
754
411
447
318
553
342
735
987
288
804
87
989
816
668
322
363
23
155
776
727
397
464
970
408
15
432
69
537
293
250
969
439
935
607
599
367
556
990
149
822
768
596
731
368
485
610
491
379
835
299
249
726
855
628
823
575
185
222
521
83
332
910
438
30
346
169
608
528
768
316
760
96
12
393
782
468
783
738
109
165
494
994
257
437
710
894
998
228
910
895
146
50
833
899
14
334
390
363
349
398
849
557
909
995
878
727
674
313
257
665
333
993
61
737
802
228
911
84
878
461
991
459
934
678
164
686
809
515
225
625
150
348
176
510
465
831
545
905
400
8
416
46
668
722
761
470
279
536
864
695
194
174
389
354
26
182
536
870
949
708
408
18
435
704
61
820
81
768
878
190
834
272
932
229
739
404
526
536
177
525
755
325
694
94
697
766
428
279
851
528
359
67
763
18
706
406
319
632
75
721
766
286
527
360
747
662
355
889
476
443
322
696
504
768
880
349
236
618
210
829
25
922
542
975
340
979
46
3
852
66
876
635
155
962
466
52
956
929
903
58
889
734
326
114
484
97
703
886
458
924
160
848
814
212
912
754
739
417
620
246
803
367
348
853
285
921
610
723
856
303
208
813
571
614
825
820
911
697
703
684
646
607
96
66
314
259
547
637
263
455
596
485
257
858
620
842
180
791
642
144
490
290
404
4
312
409
747
897
51
129
231
737
792
969
128
652
836
456
888
864
587
530
87
55
303
197
524
815
916
809
98
756
70
890
39
130
156
800
293
373
715
210
560
435
579
186
360
25
736
355
952
335
52
783
53
697
507
383
837
470
63
779
496
799
36
600
855
366
904
310
952
886
431
296
41
417
644
692
980
109
777
324
622
834
272
460
966
895
826
783
674
943
140
4
653
884
362
301
802
714
609
824
812
878
307
790
992
105
442
234
581
998
353
790
968
758
360
107
937
443
890
459
978
719
960
647
228
369
298
716
510
157
390
885
323
60
558
166
984
283
487
64
414
332
978
82
478
315
391
353
284
816
203
433
55
691
801
438
877
55
438
583
456
181
107
925
215
200
990
282
251
962
718
279
61
507
143
811
887
649
809
501
15
348
702
764
400
459
765
835
848
464
232
768
218
692
453
296
977
363
35
871
20
802
529
487
462
191
104
621
567
201
557
479
636
314
600
146
934
503
582
936
408
110
841
524
43
399
109
234
558
950
273
934
263
45
158
346
231
524
610
791
429
427
201
67
877
17
657
704
764
263
715
926
888
38
586
919
672
280
648
767
392
497
207
75
65
477
944
584
452
458
195
874
969
976
326
35
929
682
131
573
963
4
465
679
883
633
780
36
365
442
550
418
217
284
69
743
651
350
211
715
70
404
258
458
617
864
244
578
996
401
222
264
909
307
764
67
924
187
270
342
177
923
434
550
231
836
621
763
372
881
278
883
36
751
599
193
967
190
457
318
31
131
48
980
174
52
901
305
743
906
735
236
51
605
111
109
326
664
576
341
652
388
193
627
812
543
553
10
859
35
444
953
274
876
437
62
898
57
934
587
182
664
862
469
833
141
35
379
79
525
920
790
813
926
155
202
929
806
81
141
834
780
311
691
452
754
580
577
215
112
661
329
272
625
179
747
98
856
26
237
201
128
650
502
831
788
386
89
738
412
102
421
249
772
473
881
219
176
923
917
813
568
600
738
978
132
666
171
802
650
3
801
126
107
48
466
682
954
614
129
374
720
822
67
816
535
602
525
928
497
632
522
356
93
884
681
311
367
640
493
816
133
650
757
432
363
450
700
297
741
239
738
622
345
252
925
352
481
923
319
332
452
300
102
893
146
402
106
577
655
585
471
850
24
137
230
350
503
23
270
717
973
675
957
648
577
142
423
339
574
669
941
19
217
620
337
38
807
890
727
925
571
313
133
610
48
534
593
455
885
182
823
168
260
930
362
379
758
344
157
799
258
574
40
466
154
715
760
367
972
752
587
272
470
866
827
65
569
319
969
560
945
235
700
628
724
774
233
671
825
793
217
670
235
246
916
885
667
11
190
425
125
800
475
820
764
141
689
405
468
983
196
972
12
971
980
69
730
765
329
997
494
765
671
877
277
276
39
69
688
622
997
828
328
684
675
871
368
489
706
858
155
60
335
859
342
44
697
26
618
148
930
350
344
387
146
893
863
514
560
43
359
135
646
977
372
4
660
753
98
126
592
346
62
916
439
977
551
895
306
645
138
708
26
492
818
448
615
615
61
269
544
558
194
413
370
129
427
360
285
88
142
919
339
41
26
588
937
922
176
383
527
560
742
23
304
153
617
941
683
436
509
612
999
39
886
539
469
979
664
466
228
588
740
730
472
224
677
128
838
402
513
980
128
110
559
811
917
281
948
724
79
774
863
87
901
419
650
353
258
199
185
485
831
205
724
130
945
339
298
10
178
121
784
465
32
792
494
346
285
637
968
895
621
667
261
906
743
109
855
617
236
911
71
514
361
754
695
387
182
654
59
303
703
369
811
612
163
407
225
560
314
994
910
963
907
486
328
671
774
587
774
309
578
878
809
472
678
968
592
216
309
910
407
329
448
908
247
636
944
193
903
479
819
160
647
698
69
682
250
581
383
864
380
362
5
447
644
528
337
526
663
319
892
398
629
537
991
42
855
699
758
93
460
111
706
651
83
18
601
607
400
295
820
262
895
46
892
983
222
347
140
20
997
815
299
537
723
598
76
392
842
908
154
761
949
474
932
366
314
136
361
880
885
700
35
206
161
958
899
795
568
448
964
420
466
231
115
374
968
351
400
315
271
950
743
182
169
681
909
711
649
468
893
802
80
104
842
389
548
497
933
517
271
544
605
412
375
851
439
892
146
952
900
958
939
921
52
357
397
164
451
717
193
872
191
618
884
203
606
466
517
751
122
189
573
744
618
883
385
630
507
934
844
701
284
356
732
831
828
572
662
725
8
677
256
725
637
655
243
561
430
194
928
325
139
494
943
440
373
316
376
587
543
777
415
645
189
293
625
687
507
754
437
1000
338
692
693
765
147
14
381
916
757
78
547
30
970
820
981
848
961
660
886
837
110
49
19
549
398
48
708
45
47
391
948
710
387
10
202
825
192
755
856
246
906
166
441
28
104
266
344
771
39
758
805
259
766
184
623
439
651
907
532
221
383
265
856
486
574
262
91
18
407
458
460
416
893
681
546
521
853
445
403
128
858
790
105
163
300
174
915
682
462
707
739
382
233
183
756
232
994
384
980
773
179
323
120
413
128
218
860
229
705
454
898
852
13
883
728
145
774
9
762
436
350
493
814
312
147
998
808
717
60
379
344
583
586
711
388
235
359
821
745
719
361
126
223
925
92
833
923
839
957
476
579
649
989
48
359
588
234
665
763
141
562
549
488
550
580
609
9
684
668
309
730
28
984
724
714
471
389
359
555
310
68
107
679
908
690
301
950
716
301
442
65
214
314
598
29
936
360
588
564
630
506
835
911
10
836
24
165
950
33
635
375
8
666
372
241
221
255
927
177
16
266
708
79
325
66
557
976
1000
978
393
672
139
371
242
550
632
109
26
535
303
481
896
497
49
239
650
367
810
105
865
419
630
840
862
347
396
640
138
763
602
978
539
839
915
500
228
739
65
1000
281
548
344
693
741
90
293
267
999
987
72
480
410
412
158
483
206
89
680
207
802
977
181
158
801
360
830
498
275
717
566
428
9
939
129
784
350
631
540
502
947
726
113
515
856
964
457
317
402
726
102
765
939
517
890
890
69
431
489
737
885
796
716
57
998
663
93
492
860
30
744
115
105
966
637
276
647
230
727
193
399
717
653
882
666
721
771
817
257
73
561
460
973
689
693
939
862
738
256
439
704
233
382
411
592
449
426
115
768
120
798
927
813
720
194
728
461
492
562
33
574
1
292
759
585
877
213
677
253
220
556
45
229
412
824
449
905
701
460
325
704
564
662
634
549
614
447
333
596
33
398
270
701
598
988
54
696
845
51
409
737
120
232
826
496
307
458
918
67
498
695
268
636
173
483
33
609
801
449
868
282
497
207
382
174
257
315
26
434
927
938
568
782
376
448
891
795
11
399
692
253
746
807
197
736
82
103
883
151
728
46
897
335
319
352
832
367
42
355
676
975
53
805
862
995
25
981
696
259
241
448
431
528
675
4
970
53
83
577
789
117
423
341
484
967
490
248
462
171
242
549
567
40
683
466
650
590
128
9
591
810
813
719
574
93
942
291
671
128
846
83
427
888
738
23
492
128
126
573
677
390
548
602
660
913
517
866
397
378
449
205
493
844
991
372
306
62
395
981
33
612
941
894
157
836
99
153
858
795
487
90
675
30
505
916
483
183
655
435
53
390
886
51
48
714
963
293
428
173
910
294
131
483
312
740
363
343
735
645
701
729
865
614
654
282
617
497
61
954
37
555
479
454
246
296
390
702
456
282
718
140
171
86
588
824
285
739
200
277
694
862
895
341
122
762
626
745
684
286
792
383
37
813
912
280
369
658
178
165
727
34
317
811
160
522
183
879
452
387
626
649
488
512
606
975
870
810
139
756
624
839
70
260
837
856
902
115
971
469
596
476
778
286
905
712
132
244
127
861
138
715
185
985
222
809
954
565
465
437
599
538
731
921
701
353
176
730
197
984
241
57
500
969
173
380
950
96
39
4
577
767
188
825
292
933
423
310
893
443
359
987
464
735
642
887
895
458
929
665
715
285
170
931
141
172
853
175
440
443
790
545
270
939
353
912
757
793
43
730
382
877
38
401
394
737
524
51
866
919
965
241
560
850
811
39
253
465
619
501
976
382
131
679
808
682
275
644
430
531
11
200
887
912
537
561
934
572
138
472
690
540
152
880
463
78
799
40
205
40
475
542
364
860
682
871
771
672
248
995
967
891
593
863
205
675
379
849
889
788
730
490
974
661
846
406
412
504
105
710
521
523
946
460
493
586
926
195
307
94
346
450
952
16
175
710
693
791
414
23
465
39
746
959
830
16
95
680
333
366
887
589
574
981
429
371
936
601
590
421
612
149
869
835
950
141
684
488
230
844
426
645
71
730
359
466
795
805
115
442
659
888
720
452
906
727
445
891
823
178
740
602
613
519
422
165
944
3
720
402
38
550
463
50
293
560
727
653
769
60
778
377
93
132
480
945
323
443
694
883
223
569
915
378
193
508
692
634
209
455
52
10
792
633
122
380
186
12
102
27
104
169
831
986
223
338
338
410
583
326
796
781
926
600
211
420
767
629
740
868
197
327
680
310
725
283
513
127
519
326
210
984
289
273
966
622
180
897
452
270
455
968
164
62
751
328
650
840
731
544
557
603
706
905
586
531
727
319
37
931
125
873
743
884
299
47
274
761
707
572
498
482
223
944
569
128
99
781
432
162
358
707
775
469
722
945
462
490
357
940
576
926
824
585
676
274
204
618
523
857
69
209
528
471
450
207
551
255
113
979
89
271
508
842
564
276
43
158
482
147
873
956
741
192
85
650
377
623
728
603
270
488
532
110
810
569
632
332
447
668
707
55
263
726
874
754
145
899
759
74
522
965
592
259
496
391
457
143
941
759
590
338
966
961
717
419
763
395
11
819
841
631
281
126
155
679
926
627
858
577
749
407
869
231
646
576
442
15
385
821
492
952
301
321
829
15
756
530
344
788
513
346
715
625
59
382
554
575
222
392
963
997
135
640
150
423
284
424
953
396
939
26
950
971
339
556
90
515
816
128
777
991
859
977
641
233
674
124
653
579
405
750
502
698
706
990
550
461
419
745
992
486
85
998
467
243
54
286
621
209
887
865
959
980
701
246
414
309
20
686
511
90
577
761
111
555
822
57
104
548
224
178
61
933
417
409
322
434
908
123
476
649
946
885
307
231
195
692
777
397
282
284
933
317
582
464
682
582
369
20
917
248
479
599
809
58
171
843
421
580
475
640
410
865
429
329
567
908
508
558
366
626
767
318
851
888
18
292
185
54
97
226
653
895
80
396
574
61
931
944
309
144
541
886
552
360
20
211
823
941
528
486
175
395
176
374
395
510
370
834
372
991
294
210
794
581
645
964
861
475
748
32
217
549
337
425
832
769
881
582
834
17
957
944
643
372
58
258
974
696
852
960
113
444
864
218
809
426
491
341
954
543
839
63
211
707
192
785
281
454
218
308
755
286
810
629
717
906
261
156
497
777
379
95
143
703
90
169
189
116
76
605
114
265
851
606
865
207
703
555
19
311
550
720
287
770
411
744
34
581
317
126
373
33
548
2
432
376
275
734
995
577
58
653
299
325
959
685
373
849
773
483
987
482
384
1000
575
974
991
141
759
865
420
226
706
227
506
903
387
975
708
95
941
250
169
993
130
463
61
595
505
530
588
883
767
167
592
451
610
145
880
619
148
403
193
176
180
300
178
89
908
990
218
876
961
337
935
973
661
950
892
298
988
411
752
755
304
26
161
21
642
554
787
116
967
380
892
215
219
163
667
141
393
373
536
944
498
256
226
574
825
370
557
244
318
362
809
613
874
365
329
403
897
785
272
423
968
781
167
554
862
532
437
476
406
867
592
239
916
476
504
513
848
971
61
107
889
633
784
604
82
153
84
732
126
728
781
452
404
703
173
983
817
50
759
792
139
603
669
125
381
370
198
713
614
480
92
672
918
841
176
329
985
438
354
537
911
799
956
316
48
6
325
932
570
225
464
233
551
990
233
460
168
748
438
915
39
424
766
838
630
205
640
484
662
708
581
962
458
706
405
977
716
740
934
795
888
849
935
757
347
917
427
388
283
109
491
294
122
996
268
825
417
746
520
903
591
506
708
538
878
371
818
896
434
51
337
896
426
660
65
953
180
110
117
738
967
273
541
50
865
560
30
421
322
525
219
246
270
861
755
324
217
793
720
280
46
759
756
665
708
259
165
191
109
667
969
658
520
389
742
630
100
996
475
824
625
461
254
598
913
387
520
300
857
631
192
799
526
739
64
430
764
651
735
964
563
489
690
958
166
40
798
254
838
501
645
672
383
880
60
519
455
843
357
616
471
134
69
292
621
199
991
548
62
871
38
810
27
731
420
638
753
356
364
428
339
495
135
752
664
455
586
234
602
893
312
508
881
564
164
406
208
321
876
149
440
6
905
860
757
754
468
178
485
744
510
107
798
88
712
533
104
474
299
589
416
982
454
563
744
674
323
804
561
320
235
263
632
153
516
670
103
616
964
361
686
467
371
84
790
920
663
800
278
218
946
899
515
80
987
132
280
186
359
905
211
713
130
21
690
891
556
542
340
391
784
999
151
342
724
859
131
400
697
953
168
50
637
383
224
345
405
334
886
364
802
484
384
345
407
909
552
511
55
660
72
559
500
218
33
496
353
566
239
21
21
537
783
81
291
985
996
693
484
219
684
481
824
377
962
180
349
837
592
288
689
80
592
923
547
870
413
293
741
375
846
660
353
191
445
546
558
220
980
815
838
918
772
10
385
474
291
7
12
23
39
349
645
431
905
761
439
850
991
517
272
323
316
559
929
97
866
747
695
709
884
615
738
642
670
443
988
420
739
135
727
288
883
865
851
553
46
802
316
225
874
777
334
535
116
832
118
375
887
273
19
576
646
871
427
534
335
379
706
511
592
355
515
843
322
536
658
725
932
156
488
209
905
796
785
257
712
81
347
284
633
610
143
424
651
918
280
402
775
694
525
52
744
878
160
142
711
722
344
333
87
525
52
570
642
299
475
989
731
629
732
613
384
569
469
259
961
311
819
742
283
636
181
999
788
878
744
494
112
852
10
657
585
457
428
710
623
750
234
560
105
397
860
922
197
576
698
490
989
943
706
429
921
148
441
228
204
824
69
657
268
290
46
368
536
723
557
903
194
24
466
547
353
340
760
373
818
609
275
235
344
167
560
272
976
595
466
782
324
869
565
923
964
368
485
549
766
766
167
49
679
503
108
160
336
746
36
34
94
5
595
242
209
492
924
219
883
1000
137
849
35
190
910
171
187
827
134
553
670
376
921
727
262
151
385
772
85
569
737
155
654
186
713
644
789
763
371
751
765
517
987
979
728
737
120
444
18
11
575
93
591
32
90
543
706
753
463
362
921
811
950
752
936
629
974
8
219
541
414
206
386
729
909
888
127
567
345
133
995
21
52
603
549
518
862
207
648
15
268
881
78
520
488
93
702
753
866
28
875
22
155
839
893
281
363
772
521
460
683
476
390
612
141
368
64
611
650
626
382
73
722
401
689
495
591
797
532
757
855
297
183
436
960
415
639
212
561
498
760
665
813
871
293
807
235
807
938
267
589
524
489
139
210
911
606
564
519
203
122
602
626
868
258
805
662
318
967
293
950
988
426
735
202
168
515
996
955
944
571
565
752
608
632
145
968
466
87
850
722
163
793
130
304
194
930
382
202
504
639
741
691
722
298
480
347
533
27
283
764
970
215
479
29
376
511
846
289
426
957
654
89
554
142
584
496
288
442
994
349
852
732
635
396
896
916
950
158
711
887
257
941
435
116
820
496
735
343
830
928
415
475
704
174
437
457
830
695
151
513
157
700
332
781
138
942
697
814
295
485
311
696
992
635
371
416
176
390
70
152
916
308
557
153
164
789
681
493
55
658
55
895
135
110
785
254
138
961
16
284
633
327
100
346
280
72
927
980
457
339
46
300
244
933
796
28
359
330
567
191
210
532
972
221
778
458
656
812
899
191
861
17
622
682
844
810
473
658
564
933
660
545
525
659
819
594
425
171
62
212
369
273
306
54
888
594
599
787
535
543
203
243
82
798
955
557
545
511
766
300
786
883
4
354
778
769
15
644
447
173
110
366
348
21
636
895
706
628
289
459
805
422
767
555
957
554
891
612
218
923
930
941
977
811
960
934
122
318
308
895
528
942
422
55
71
734
372
562
950
437
868
938
175
774
301
305
866
77
104
855
628
691
192
721
564
75
223
717
478
261
25
486
646
62
311
228
145
28
492
382
923
859
339
152
833
603
495
393
779
27
335
530
675
883
742
708
901
276
493
252
529
79
288
833
648
353
991
39
38
28
986
936
685
607
614
779
654
719
736
506
271
566
367
894
238
270
368
323
105
737
415
403
899
538
237
245
437
198
298
224
863
642
473
306
6
420
350
855
654
737
238
573
532
604
841
750
522
76
257
299
118
400
697
80
408
92
713
185
87
585
209
152
309
59
757
372
810
666
788
253
441
80
549
403
747
945
164
954
572
390
248
95
993
948
431
648
858
450
837
413
940
345
286
948
462
61
399
862
850
651
780
512
229
865
362
871
362
63
796
626
67
498
725
487
931
860
764
549
698
853
867
741
660
434
150
236
60
288
229
24
478
797
746
365
682
148
481
304
591
800
507
210
633
647
202
319
870
292
472
745
326
374
691
142
212
174
978
817
705
405
712
529
894
903
747
255
858
369
466
329
544
608
59
775
361
975
658
49
379
217
571
905
302
939
161
146
412
407
199
125
498
702
522
984
102
208
687
973
724
475
720
374
658
857
469
207
94
848
515
779
837
956
297
498
697
306
799
139
456
935
983
261
67
845
616
772
692
27
190
925
31
152
955
390
690
551
392
275
786
60
426
284
273
790
771
72
342
819
466
819
477
200
829
896
232
482
434
973
301
706
730
46
283
338
935
561
171
440
736
349
119
635
589
790
548
954
684
615
405
595
62
326
279
661
435
603
395
910
515
871
81
984
438
252
676
22
769
857
8
217
580
239
984
