878
129
941
35
511
737
558
957
42
668
397
967
839
336
796
276
828
18
176
434
246
645
586
92
904
121
879
701
815
413
588
292
352
457
576
483
945
874
810
824
89
940
447
552
986
465
172
208
686
183
650
196
424
897
858
103
755
358
957
563
877
857
368
590
80
628
583
976
553
457
515
639
52
687
747
149
729
939
602
887
742
464
395
894
91
663
531
634
935
875
904
849
150
542
630
713
850
645
198
221
993
375
258
671
398
937
990
932
208
272
523
828
575
458
440
900
646
838
766
62
835
136
691
412
257
337
102
338
986
728
423
639
988
761
259
919
220
929
883
283
817
815
53
492
880
224
922
377
605
137
404
185
306
566
280
75
794
711
841
393
546
385
884
986
291
541
747
820
965
789
982
95
209
724
885
764
54
682
191
150
447
860
263
256
434
535
903
240
828
650
276
294
673
741
835
627
664
174
115
317
140
717
708
867
650
653
56
701
818
386
299
901
102
46
278
980
50
745
26
896
106
404
916
373
809
827
550
371
20
29
72
591
674
263
28
573
536
609
527
171
550
698
476
199
504
128
638
126
55
900
410
293
764
874
679
650
376
858
887
465
399
755
521
572
940
92
21
333
933
244
753
783
181
486
809
257
918
117
305
77
265
707
494
673
698
665
438
794
212
246
289
945
545
165
529
783
386
382
147
20
88
371
708
235
641
44
297
325
771
831
850
740
730
771
650
552
701
813
394
11
424
210
222
134
916
355
565
758
96
775
79
240
705
767
463
979
223
169
800
667
772
10
370
993
629
23
314
18
486
711
910
381
305
617
830
251
286
639
930
805
95
542
797
409
980
373
749
898
116
566
818
687
747
711
158
475
507
545
637
480
520
192
408
941
155
190
720
295
737
210
421
782
761
911
915
786
227
477
591
487
738
608
999
594
26
752
477
180
75
578
194
170
212
682
183
825
662
322
311
834
419
401
574
224
495
685
340
629
317
633
945
882
577
152
928
802
548
263
537
826
355
197
236
403
922
349
85
809
72
101
691
95
541
628
788
182
896
984
418
67
698
869
660
179
751
935
831
30
648
734
338
507
199
251
426
458
582
122
992
661
846
602
834
772
49
643
673
424
131
177
258
146
837
101
146
347
248
84
874
860
441
250
663
259
490
542
630
487
412
883
440
67
16
967
984
268
807
722
216
967
127
159
778
349
125
550
217
828
684
786
820
455
946
678
392
205
448
902
742
74
67
383
176
226
650
853
324
566
324
664
644
302
544
35
552
21
642
391
955
599
299
290
137
246
167
489
696
186
430
932
923
167
217
794
410
519
33
240
859
947
279
300
897
341
569
654
870
784
564
79
640
241
283
785
815
200
375
447
72
834
302
953
148
846
490
984
736
148
735
905
300
995
493
946
895
473
295
184
364
46
34
886
780
609
662
564
467
602
640
962
965
98
392
737
66
235
651
284
743
623
860
225
552
777
766
957
825
494
593
311
182
962
943
702
431
155
778
105
303
241
388
801
181
342
980
354
540
703
310
333
826
589
665
529
73
290
216
500
541
387
355
76
704
420
838
675
359
451
726
866
758
366
508
663
50
914
172
447
747
459
741
880
282
223
801
365
569
952
700
993
732
119
141
425
286
598
990
634
951
177
264
505
181
184
342
479
944
184
553
724
495
372
524
634
948
243
589
174
13
409
47
865
123
997
641
966
67
204
385
823
969
176
402
269
224
148
430
165
70
246
543
214
72
388
504
718
255
828
969
638
278
817
664
106
172
361
36
289
621
584
881
90
950
163
755
870
409
412
623
861
141
834
361
765
372
835
191
814
190
642
735
472
987
472
274
648
143
931
995
464
436
954
274
106
347
325
439
247
26
110
620
630
547
405
169
403
169
255
414
292
307
698
313
568
641
216
409
25
748
905
753
433
493
129
434
252
634
262
512
339
362
571
368
724
649
301
99
83
961
65
58
777
448
845
960
414
742
584
540
545
35
191
683
438
446
61
658
810
814
133
16
530
526
832
696
295
768
522
803
505
529
34
401
842
178
874
563
729
274
220
548
588
473
503
536
673
189
913
682
43
91
938
731
905
49
30
278
663
743
590
337
64
881
400
958
840
518
158
60
382
241
947
92
945
891
353
879
413
104
349
457
691
531
458
314
720
756
141
16
529
903
747
722
100
772
103
351
356
444
707
551
654
695
764
842
547
259
152
289
267
91
451
573
753
639
493
241
719
762
320
424
417
346
433
220
976
142
363
854
365
301
910
377
508
879
79
217
597
935
985
