124
703
336
632
853
273
324
912
390
481
499
875
222
252
784
912
126
515
796
58
88
156
934
114
54
530
335
533
947
380
675
640
283
675
183
913
567
749
958
82
537
171
508
576
580
24
60
598
789
589
462
756
154
451
376
918
98
521
53
842
812
809
739
683
570
751
94
680
842
251
666
340
884
389
774
429
831
24
57
632
591
76
482
589
881
291
586
120
426
268
850
952
101
274
715
760
418
421
602
383
368
251
738
752
781
463
887
124
833
636
80
950
546
52
641
440
376
986
471
563
330
823
988
282
231
717
139
526
771
471
762
715
473
260
195
672
561
149
429
245
149
374
180
562
223
642
951
339
754
661
615
233
627
307
146
165
128
166
506
728
783
743
746
473
470
131
884
338
130
912
366
115
256
848
613
524
666
674
784
742
176
951
446
942
241
991
955
315
240
540
688
574
732
594
640
385
743
876
559
375
18
429
622
502
714
895
722
700
122
640
835
144
279
255
246
431
737
497
30
985
720
891
299
710
251
880
173
182
404
634
99
211
29
374
296
570
646
764
387
858
418
632
721
53
252
612
405
358
300
387
463
83
526
547
899
898
210
748
364
584
886
382
34
509
238
403
875
804
598
286
47
481
958
698
577
927
111
825
347
319
31
223
190
994
952
944
829
668
924
384
592
132
182
140
567
679
448
123
363
65
49
116
965
521
786
734
746
37
185
238
557
871
746
436
63
688
122
263
275
788
721
838
116
175
561
810
741
414
604
865
243
889
317
309
1000
517
799
230
722
130
44
60
332
649
505
209
96
623
717
171
998
70
22
767
229
967
580
886
204
887
970
449
587
148
644
728
966
605
776
671
170
645
280
367
657
738
745
765
620
479
451
93
606
978
959
196
691
770
849
782
740
496
739
21
604
661
15
272
433
662
353
912
560
788
229
485
513
439
191
339
595
390
65
581
885
905
940
739
479
444
329
253
862
824
558
824
803
34
928
980
219
434
417
435
188
578
270
740
902
879
936
43
198
464
688
226
800
553
395
794
368
921
540
818
295
550
561
786
576
585
191
208
611
535
48
144
307
788
561
182
314
109
465
667
824
515
963
503
881
239
593
287
593
880
225
156
365
550
699
585
727
471
152
996
310
346
297
886
621
815
289
853
226
518
540
687
490
351
224
22
568
648
229
587
142
673
284
401
195
528
638
843
625
805
859
244
452
292
70
382
125
886
400
85
56
996
60
544
188
81
817
364
280
457
169
229
569
519
159
415
608
322
96
783
738
593
189
256
977
598
82
250
829
373
465
373
654
731
23
966
154
818
54
370
239
186
50
524
361
565
436
644
244
694
649
11
719
397
109
80
139
65
230
154
826
989
774
214
427
975
624
697
46
140
831
996
985
198
741
245
872
769
295
576
629
460
935
742
732
415
848
204
651
643
389
205
346
998
186
485
391
622
831
811
717
423
728
536
521
964
25
74
986
386
95
302
685
203
294
101
754
140
134
471
523
875
338
84
133
757
123
104
369
368
498
75
82
761
180
690
604
77
938
971
543
617
375
169
413
448
489
183
234
491
989
774
503
954
272
145
855
240
394
462
650
844
171
24
291
870
444
787
674
798
805
317
948
249
50
898
621
105
270
484
10
445
942
564
159
150
606
735
59
613
649
243
251
267
332
214
507
711
273
124
580
845
239
991
168
88
303
878
163
575
212
768
529
502
476
893
36
793
639
705
813
665
274
552
715
275
996
857
927
861
225
62
396
877
104
892
955
551
598
812
436
201
450
502
444
732
246
296
234
357
106
744
282
730
597
438
985
681
488
759
429
339
366
831
21
231
486
481
665
294
779
346
646
491
447
417
451
774
928
412
479
644
478
163
917
194
155
716
893
321
508
430
549
40
911
153
933
377
240
146
446
661
150
959
869
946
108
364
417
171
91
15
574
768
275
228
900
668
355
589
869
889
12
363
255
329
785
690
782
569
23
261
333
469
421
359
43
520
497
103
386
466
474
369
517
385
57
622
14
353
238
892
256
141
323
337
466
747
305
32
253
76
379
417
256
761
694
271
401
203
196
467
939
342
1000
894
873
620
698
664
481
768
422
457
400
152
557
596
515
404
525
377
841
36
51
435
103
15
512
618
803
619
53
647
126
514
163
723
672
424
138
146
385
143
871
779
377
752
378
388
79
698
514
218
744
656
410
746
983
134
654
708
674
794
227
424
846
930
122
390
139
619
963
827
399
395
424
892
343
922
294
224
520
116
278
469
650
65
339
18
493
369
786
624
283
414
344
468
355
67
893
913
607
186
529
84
319
910
754
99
921
963
95
409
480
369
191
556
648
349
285
726
399
596
114
885
249
822
305
814
845
407
470
903
530
694
457
289
419
938
248
769
673
816
905
428
319
661
123
592
915
842
573
70
893
187
205
20
217
528
384
726
756
357
904
684
611
810
915
224
286
920
186
497
745
982
363
986
441
371
48
133
67
555
918
916
313
717
524
461
194
340
302
709
638
198
558
177
402
928
422
354
400
239
991
88
461
664
145
208
310
903
581
995
841
930
969
185
351
442
670
78
624
817
450
464
765
376
35
399
14
831
677
332
112
695
710
458
565
161
726
250
222
87
694
85
288
663
788
571
276
259
682
416
721
305
899
957
659
827
385
687
842
663
673
763
357
325
882
430
913
186
211
439
535
553
678
855
387
755
894
183
538
310
518
567
803
825
741
46
72
664
804
829
417
138
32
581
204
751
441
124
23
955
36
679
245
549
756
920
44
801
708
206
503
285
195
313
399
485
232
837
475
729
253
973
168
337
815
616
416
764
487
273
143
162
114
822
653
830
467
168
174
483
653
949
149
589
299
209
235
899
790
971
921
521
545
279
434
932
768
849
65
486
164
609
570
951
333
775
328
968
520
772
980
147
381
829
586
232
854
120
810
309
142
438
235
228
90
665
893
820
594
67
520
528
280
300
962
394
438
657
139
626
417
579
192
351
931
904
288
969
809
623
189
184
747
205
869
187
750
255
588
711
622
682
301
423
160
886
713
432
829
903
516
544
202
90
112
870
133
133
660
781
765
17
854
932
631
124
598
900
243
132
623
77
496
777
896
518
790
351
497
381
344
893
534
13
37
626
779
194
816
723
164
327
941
515
868
119
755
511
647
90
150
274
56
802
593
668
854
737
664
775
230
685
948
794
734
112
850
229
187
336
762
245
664
249
636
853
44
169
756
218
947
59
455
398
739
356
243
828
474
609
356
49
552
945
589
709
825
262
957
783
116
550
267
756
485
677
525
622
479
663
768
240
603
968
916
125
584
635
879
786
425
350
504
197
700
902
652
135
372
740
376
668
567
482
724
939
263
915
508
571
124
623
802
852
172
556
596
755
42
201
461
103
778
164
273
317
40
98
476
920
304
296
71
551
421
728
740
165
151
672
340
586
373
788
602
215
122
820
882
397
911
568
388
349
115
743
768
670
978
957
383
495
960
855
60
474
183
837
430
506
612
695
129
961
521
966
863
162
813
880
309
229
669
246
577
700
495
646
311
183
747
237
422
468
672
359
878
825
808
762
80
719
909
508
317
677
20
15
239
231
185
296
380
419
642
625
60
226
648
19
699
993
443
770
220
952
483
327
14
955
799
965
324
679
916
983
908
216
821
825
694
795
692
649
564
900
443
667
206
643
913
226
276
977
309
801
451
93
652
14
864
637
826
336
61
427
915
609
560
408
270
190
243
746
94
320
883
333
644
370
404
129
177
66
233
624
884
903
318
76
236
134
233
213
600
284
414
603
265
817
512
614
792
698
388
988
850
188
112
152
709
363
694
535
481
21
323
23
357
30
305
387
145
659
721
438
791
743
904
39
703
42
216
832
940
762
707
817
263
432
428
541
351
573
58
406
932
294
935
385
381
106
127
796
562
395
77
654
455
951
130
704
567
410
628
620
89
988
508
816
950
387
126
907
248
511
370
641
32
984
958
783
968
437
387
735
426
856
519
229
96
128
589
984
362
658
939
539
221
431
42
140
23
949
117
458
337
913
191
856
226
299
685
749
963
123
946
735
200
430
858
329
194
81
385
40
875
791
889
570
46
787
802
205
727
87
656
406
884
102
573
989
21
654
788
228
751
765
10
738
375
403
97
692
978
554
643
322
832
795
914
234
761
509
985
741
214
204
138
24
35
662
762
540
726
594
866
142
470
564
225
663
829
376
796
725
441
66
885
809
771
920
454
368
300
713
408
564
55
620
21
257
839
151
488
779
969
338
269
64
625
68
650
114
47
550
440
803
469
135
242
869
183
489
82
720
582
947
408
601
302
609
356
827
420
597
274
239
862
549
475
764
416
29
315
986
627
104
383
922
866
755
739
23
979
392
765
372
139
367
772
595
738
266
597
314
268
326
170
1000
494
784
599
947
723
535
541
615
958
853
310
327
437
843
462
715
675
850
633
819
578
456
135
387
983
422
278
388
536
388
974
790
209
933
510
645
789
985
642
993
42
953
63
641
888
212
977
337
279
130
733
270
261
333
892
378
924
531
968
158
953
278
320
486
35
572
159
193
349
329
350
516
568
656
114
675
905
61
71
369
520
267
680
318
804
174
790
714
340
877
761
824
870
117
173
642
556
570
303
998
613
683
544
973
552
273
662
693
677
528
507
755
901
979
670
955
574
995
195
282
310
336
744
808
111
147
959
999
393
810
525
631
356
414
862
418
345
203
61
517
707
860
207
142
518
889
637
211
189
786
554
502
734
763
946
179
676
139
146
445
158
795
771
865
776
675
839
330
719
287
995
666
799
961
393
935
104
456
753
140
91
161
343
809
690
209
212
23
556
271
927
168
133
228
213
559
635
304
738
519
626
475
276
491
735
952
935
843
21
549
582
806
858
971
38
936
651
59
455
663
702
816
918
41
791
361
68
856
950
213
326
846
854
795
405
842
821
937
32
646
558
665
788
23
728
330
876
49
934
137
565
39
475
73
774
797
650
734
349
779
184
941
817
989
364
117
854
927
35
999
715
860
399
439
516
362
409
297
287
671
474
64
324
185
766
73
203
159
659
286
808
268
694
814
732
504
627
586
444
74
474
143
662
619
384
312
29
343
513
58
912
602
346
954
426
833
217
172
13
844
250
732
696
86
526
481
585
59
259
545
999
243
910
562
695
408
393
432
430
156
513
371
988
511
602
500
664
996
890
729
444
693
75
175
736
848
608
610
729
408
588
916
24
343
346
783
206
797
448
774
315
267
879
534
532
523
501
615
792
115
289
840
191
796
369
833
609
532
396
650
895
249
348
779
385
262
160
30
216
15
249
392
965
562
613
185
97
796
23
32
758
456
235
434
362
939
593
965
16
486
69
80
832
267
280
503
252
596
205
771
515
637
398
446
62
626
750
648
550
201
352
957
864
573
19
968
716
479
805
141
923
496
778
890
425
962
595
134
65
564
605
950
119
278
274
875
564
459
688
765
955
404
711
745
261
763
532
489
338
169
152
476
348
833
372
791
398
331
813
236
303
409
10
495
781
540
569
922
804
684
599
234
264
644
321
934
582
413
694
163
715
934
707
286
247
919
155
804
773
48
152
373
57
255
929
941
862
16
512
10
467
129
981
507
413
37
283
587
989
312
486
866
73
38
32
841
809
903
97
201
509
617
252
172
70
227
171
802
435
333
813
727
956
952
676
431
804
592
362
224
196
466
393
779
847
475
920
804
376
85
234
607
992
315
592
87
937
887
27
678
949
291
476
903
691
424
342
115
638
223
392
791
208
763
891
609
266
217
134
372
738
222
615
452
986
826
74
875
722
216
708
86
374
934
788
878
527
202
124
925
519
884
560
134
61
397
715
510
559
305
441
740
190
19
507
668
868
187
51
38
695
533
170
261
63
508
958
74
356
902
595
701
815
521
841
18
836
805
148
439
544
346
783
44
584
359
279
632
520
241
503
537
185
268
449
563
260
576
438
995
433
596
953
359
563
837
678
357
246
106
51
125
306
724
640
651
332
812
359
771
306
183
214
791
466
422
403
512
262
668
773
914
167
490
525
693
988
93
732
314
990
852
838
126
401
729
858
289
728
855
293
618
264
899
384
463
503
320
854
843
846
200
722
875
289
313
792
653
75
199
552
179
507
953
827
136
424
289
554
571
425
37
294
458
57
45
626
836
229
899
243
907
815
744
427
893
447
880
886
135
642
658
367
876
946
545
247
82
329
137
168
647
219
524
722
924
683
273
744
228
393
722
111
242
104
909
978
321
880
977
344
249
855
336
751
641
732
378
359
332
397
904
824
755
895
838
763
935
213
617
43
187
292
240
716
549
511
487
679
364
986
450
827
193
83
688
871
439
460
445
98
757
837
813
414
486
896
794
393
58
152
889
83
888
694
956
452
96
280
62
479
601
939
653
470
178
23
967
115
782
71
668
449
926
237
891
799
602
346
154
518
508
913
420
690
463
422
991
268
557
632
410
760
931
291
554
937
452
759
80
528
985
303
549
111
315
43
667
157
444
707
206
638
75
752
221
877
927
778
803
419
228
360
392
118
660
620
149
529
903
730
559
75
596
186
216
871
409
790
687
331
441
401
18
248
473
972
40
535
463
420
334
244
28
305
449
363
71
583
942
380
421
360
715
525
213
106
750
109
917
727
300
312
479
668
352
214
670
469
481
544
454
730
304
421
500
611
765
715
536
713
890
353
681
347
848
303
909
105
677
835
933
605
295
985
409
852
649
661
394
146
62
952
207
63
153
336
856
826
922
832
68
441
903
572
455
36
771
457
902
53
934
793
801
867
17
957
798
1000
394
462
716
744
306
839
228
369
765
312
578
727
666
611
653
785
561
444
622
948
836
830
245
134
787
402
994
425
985
850
805
946
287
166
391
609
603
503
552
673
799
950
643
573
758
330
755
55
181
90
264
374
722
54
646
237
430
732
210
390
757
195
467
499
231
714
180
884
254
488
432
836
31
556
892
50
49
64
568
18
390
528
100
818
407
421
168
310
610
530
614
967
561
930
938
564
314
664
410
210
157
658
549
24
86
901
367
445
918
416
179
836
907
606
297
417
413
782
225
543
173
723
435
708
478
117
333
222
965
681
235
423
457
873
692
612
455
221
503
492
479
299
560
993
753
398
503
894
483
892
490
406
655
664
340
186
694
675
686
502
231
164
518
318
848
645
274
753
821
647
602
598
107
855
368
964
540
950
24
420
292
196
132
517
139
562
48
13
636
655
961
966
148
948
968
467
55
286
623
28
271
486
111
368
341
208
711
24
851
73
655
183
786
163
23
890
230
307
883
74
569
429
541
127
484
172
448
347
365
298
394
369
249
701
40
911
783
244
396
412
639
222
799
343
140
106
904
81
418
70
355
598
333
575
956
833
638
889
504
714
694
837
573
118
488
381
219
806
61
903
727
468
404
242
648
250
792
683
331
714
842
340
927
148
477
732
817
863
835
259
808
16
684
531
357
824
140
201
999
460
387
785
117
216
555
789
669
139
783
23
474
458
735
903
327
768
442
208
499
344
801
586
214
798
948
903
265
785
98
991
793
627
46
821
237
578
360
887
280
40
151
939
683
511
271
256
746
206
854
627
745
974
811
936
635
618
459
311
279
554
470
551
109
920
673
445
457
420
786
756
459
451
851
871
148
360
332
696
917
634
40
697
226
317
313
737
651
142
916
663
239
292
195
871
204
65
965
404
143
333
516
880
58
80
14
630
440
292
78
82
678
482
148
997
221
140
643
195
193
227
178
892
690
517
438
481
192
410
352
844
650
358
780
605
168
79
393
224
247
548
960
779
143
552
36
974
287
891
974
139
914
489
880
616
735
896
243
784
412
686
414
275
375
294
117
676
667
943
452
242
946
219
923
772
997
411
238
744
201
914
758
948
112
555
838
220
945
353
591
972
653
254
826
159
1000
625
826
96
775
104
23
526
951
590
777
616
309
845
644
869
224
23
992
143
589
268
97
911
669
762
647
23
269
589
84
525
336
547
138
696
988
873
623
659
618
517
624
404
336
643
461
93
842
478
67
60
451
605
684
676
512
165
395
154
628
438
504
845
722
356
187
840
927
762
512
557
514
694
823
310
616
983
673
640
727
893
611
531
105
896
154
291
304
925
514
386
963
133
270
370
604
107
614
535
531
723
91
105
313
565
285
126
409
839
608
699
816
398
412
920
307
60
857
282
32
245
20
163
689
600
748
542
768
855
840
991
808
59
303
384
350
629
826
683
585
289
769
952
81
516
869
181
155
439
690
824
826
90
325
165
845
143
743
722
80
213
328
998
457
247
429
888
982
986
307
473
162
422
150
116
112
994
236
153
285
148
173
991
566
339
346
917
65
148
491
536
647
182
284
231
768
840
402
187
933
705
484
375
470
666
705
913
745
782
683
75
711
978
852
722
741
853
644
76
712
882
119
541
281
577
639
903
473
433
764
381
400
673
880
580
904
757
188
818
258
295
482
51
970
591
906
34
474
274
56
615
856
468
457
473
218
831
600
551
586
642
818
228
251
948
619
17
693
267
757
449
138
897
853
107
114
676
800
793
846
223
759
690
306
607
234
270
647
912
75
415
404
124
450
863
170
713
338
615
168
325
812
563
337
549
422
742
587
442
660
445
622
893
232
767
392
661
842
62
902
184
702
988
253
623
769
587
309
496
960
927
466
142
450
77
419
253
959
315
444
571
385
283
199
784
611
69
21
268
582
696
250
72
78
578
139
53
344
530
850
715
161
741
934
104
534
460
478
63
999
59
122
11
983
646
611
780
450
663
697
577
722
112
66
896
842
941
339
789
762
658
112
827
33
348
515
630
607
885
548
937
741
371
463
863
904
461
173
387
129
328
605
513
439
799
474
145
765
974
394
357
791
320
735
647
475
91
561
167
103
113
452
288
748
824
479
594
207
440
304
570
111
825
908
490
369
110
651
612
490
60
976
626
127
635
201
309
745
146
563
295
223
493
898
278
920
625
929
35
703
804
96
692
750
297
472
453
602
780
129
192
637
287
622
323
879
555
454
473
137
292
659
17
523
794
31
100
67
575
490
124
983
176
633
587
466
901
50
822
442
276
377
480
814
766
906
818
14
118
70
421
533
504
39
180
205
465
411
53
838
495
961
835
264
843
956
972
377
326
489
764
981
259
788
943
44
736
720
174
268
112
442
80
382
148
545
193
140
536
340
308
297
484
643
411
616
598
130
514
419
836
683
505
599
78
941
250
469
802
895
283
243
705
297
896
542
620
303
412
384
785
78
307
948
520
800
319
480
722
724
958
729
604
998
495
897
363
797
373
535
290
236
109
273
837
445
554
911
52
508
377
463
58
990
96
891
951
667
943
138
211
884
229
12
634
218
511
430
452
750
15
685
823
692
79
638
609
594
219
508
562
428
344
144
975
1000
336
762
503
367
842
845
30
590
669
354
666
697
778
267
840
320
129
351
287
945
978
546
579
858
943
852
647
27
455
561
701
557
894
132
354
982
213
795
311
582
238
599
56
404
261
731
129
288
663
333
848
320
187
244
974
843
676
736
18
154
97
661
237
661
768
935
195
802
794
451
124
905
981
247
745
753
983
95
568
917
990
789
251
715
986
884
406
458
240
864
563
117
969
981
871
298
423
58
102
313
545
865
305
786
295
518
206
581
253
881
540
844
310
719
917
950
917
562
47
679
881
235
64
244
223
681
949
64
543
446
955
848
774
821
75
208
68
553
557
317
681
165
708
811
141
588
224
578
764
324
95
30
56
311
727
890
307
327
240
348
487
819
668
526
183
982
364
934
425
299
989
907
223
848
892
586
108
246
66
320
220
633
229
626
23
484
68
320
161
172
699
624
166
596
564
507
405
668
326
520
164
943
932
777
148
53
467
100
202
964
916
333
801
264
384
470
247
782
941
98
773
126
113
633
213
887
671
57
882
80
639
524
21
870
411
338
46
172
12
728
196
599
414
377
548
729
844
170
396
885
514
894
696
647
515
520
669
349
811
291
954
403
196
161
27
660
156
361
220
906
907
29
75
853
312
815
912
310
338
732
730
572
914
974
130
951
241
300
420
959
508
372
993
766
116
366
241
392
973
720
484
117
976
76
301
863
891
869
696
868
983
925
214
856
82
42
524
215
916
789
349
446
654
317
164
552
303
224
836
554
453
521
395
860
307
868
580
652
248
536
564
64
72
156
365
532
70
133
517
64
470
137
136
721
263
409
722
497
791
729
511
491
528
818
457
27
70
524
861
714
35
996
849
110
974
161
434
922
145
663
869
52
273
547
900
398
955
912
571
480
866
874
376
915
907
158
497
708
376
899
638
15
318
579
445
839
414
63
676
373
343
124
804
625
581
829
40
311
911
968
905
589
63
626
44
231
343
194
84
271
126
498
581
917
574
183
782
212
725
450
430
551
690
206
914
199
784
373
544
675
997
781
104
847
178
25
216
549
399
843
610
631
27
228
121
152
961
93
583
868
168
910
763
896
995
446
786
425
458
998
765
358
844
166
442
596
83
860
75
399
131
962
349
148
936
859
131
929
650
208
739
78
610
98
227
884
93
317
764
766
426
356
454
823
411
799
995
377
765
535
860
355
460
972
649
713
985
10
929
361
775
815
956
853
849
492
124
267
164
799
963
856
421
490
617
302
943
691
196
683
199
632
261
158
318
155
141
725
812
59
531
924
367
987
752
638
646
320
320
794
658
16
274
983
720
805
489
520
859
903
111
488
326
69
936
77
442
276
469
829
871
934
732
19
58
689
361
193
495
856
172
850
728
253
169
428
54
494
272
16
437
517
900
773
750
847
921
726
78
62
61
458
349
704
352
617
394
621
830
194
95
357
352
315
28
178
163
512
55
519
983
986
161
713
302
565
466
879
250
457
312
493
827
71
266
772
682
224
505
273
719
628
779
783
258
695
397
275
80
955
927
113
125
914
697
466
433
508
258
151
238
754
18
163
441
466
866
848
315
356
713
724
675
148
273
594
565
666
766
319
698
792
889
879
354
935
733
76
495
509
528
800
214
125
50
290
740
859
241
768
42
373
506
148
717
763
184
582
377
443
848
935
90
782
650
598
390
944
165
561
703
796
453
603
888
672
834
105
726
924
70
607
368
157
258
300
339
361
605
578
399
799
956
741
926
954
104
650
683
522
119
933
449
81
847
293
958
265
554
568
574
574
103
66
48
351
264
144
978
321
385
948
466
864
271
767
978
663
656
100
27
93
340
579
502
56
517
577
811
173
21
857
519
414
272
760
187
759
129
179
658
715
441
452
607
78
868
344
664
872
261
641
286
349
931
107
716
978
987
73
42
616
834
328
143
693
265
875
666
508
759
510
