747
184
579
465
601
788
396
650
982
522
311
80
544
335
899
996
801
632
421
883
802
672
107
210
745
282
301
366
813
685
397
695
905
291
879
738
241
531
327
833
959
82
18
167
822
524
783
532
956
410
242
146
402
710
723
396
847
828
28
146
554
36
829
978
114
361
403
778
390
709
881
837
225
121
864
599
422
832
919
48
977
576
860
216
56
965
254
469
248
418
949
945
814
132
348
738
601
994
980
836
221
893
744
310
293
709
815
333
897
415
123
376
825
858
557
522
642
458
585
643
493
297
447
761
336
39
861
982
314
273
914
884
772
888
568
517
280
175
397
781
597
537
946
769
380
46
880
245
47
845
262
311
18
132
439
426
828
534
473
992
232
437
192
825
212
101
595
242
780
851
750
147
429
131
34
860
350
880
260
237
975
780
32
456
294
640
195
319
856
213
447
71
132
880
631
965
973
327
187
889
538
164
421
458
433
86
829
778
706
778
659
209
655
728
387
353
904
244
603
664
211
208
702
101
480
577
341
455
43
160
312
444
415
642
718
893
717
192
819
559
418
189
207
332
218
501
969
606
601
684
706
518
525
486
948
230
493
329
294
919
736
905
344
591
764
643
101
663
892
604
64
640
808
246
21
62
353
873
425
410
162
222
892
243
856
191
335
818
907
574
516
13
11
87
902
244
775
117
499
524
279
990
353
652
100
440
925
983
191
795
14
787
256
271
543
445
74
656
732
605
84
749
344
266
714
984
632
382
347
692
38
73
666
806
679
226
653
120
317
89
756
322
229
331
534
871
954
109
38
144
719
983
150
382
791
943
971
22
566
36
596
668
548
113
341
646
698
307
127
310
281
394
254
820
662
899
404
392
546
936
944
278
280
14
194
103
958
721
55
382
296
554
152
91
868
153
341
76
638
763
477
484
886
636
57
160
218
962
976
997
703
87
563
696
62
951
760
944
560
785
68
790
680
368
861
545
984
349
216
281
619
685
750
147
656
130
119
374
574
461
620
589
783
996
320
132
573
178
59
353
640
439
494
383
839
83
185
28
710
467
760
364
89
224
215
30
442
299
817
308
683
251
609
299
461
546
159
769
99
117
740
447
460
32
717
552
635
597
546
343
617
31
480
521
442
727
793
49
239
737
793
737
435
415
988
864
326
307
831
762
321
541
637
928
637
199
151
991
84
360
623
81
932
460
821
342
486
581
497
932
619
219
402
311
635
259
647
156
171
476
480
532
892
697
644
67
367
53
540
762
251
392
592
165
447
316
793
373
55
38
707
679
143
465
873
463
987
736
625
341
48
730
844
279
383
45
580
803
103
700
969
326
439
813
646
317
129
973
966
543
60
865
791
170
216
340
216
840
910
336
535
727
27
196
931
121
252
283
706
396
669
999
448
534
717
574
19
581
311
911
798
563
520
345
113
855
290
985
615
751
132
396
444
264
63
12
706
426
134
156
104
248
280
910
750
549
70
876
617
619
402
599
831
743
675
617
563
668
938
562
663
803
247
633
359
681
47
737
96
869
23
634
31
431
71
903
102
527
294
350
568
601
645
946
597
871
764
392
657
148
954
426
612
706
674
772
24
306
126
692
322
473
141
848
488
470
702
598
283
51
504
104
36
627
826
703
504
300
20
624
970
25
923
689
101
746
38
913
723
346
598
592
919
812
623
25
756
305
140
564
72
273
629
965
855
638
401
357
129
420
453
436
982
188
426
658
584
400
18
28
391
396
391
407
322
83
600
577
918
240
152
967
895
174
618
423
439
154
728
880
474
36
524
320
470
372
633
539
304
597
618
213
814
468
267
709
167
544
587
166
548
376
705
741
863
994
647
525
237
582
759
851
650
433
777
520
445
438
955
730
541
214
394
698
944
37
923
638
848
146
951
681
478
832
479
35
204
375
89
550
503
1000
561
335
601
675
799
693
135
790
818
416
547
318
395
828
175
946
586
224
851
109
839
446
619
257
657
195
65
850
633
143
694
522
693
206
336
298
143
576
170
528
149
899
872
135
390
896
410
389
875
538
495
160
974
360
216
37
348
620
111
188
403
540
999
898
869
41
645
915
692
336
678
614
134
137
27
848
399
403
783
126
944
408
870
461
271
905
115
211
51
914
802
720
683
162
358
134
689
264
372
831
790
527
637
431
610
596
568
727
813
306
344
584
639
611
945
586
523
422
839
672
679
191
668
674
934
530
120
181
676
778
694
151
761
572
834
443
369
980
402
974
272
149
823
76
254
17
755
604
530
879
437
730
406
217
879
580
92
882
745
688
697
47
971
945
497
554
514
580
742
665
523
643
110
93
28
468
557
554
240
693
183
637
410
855
758
189
437
149
317
996
397
187
688
107
541
14
396
570
319
261
555
836
653
425
508
283
568
809
568
14
988
472
897
868
492
935
98
112
360
676
808
245
235
719
528
383
941
552
167
153
855
991
321
394
670
590
798
418
275
470
583
777
183
390
438
720
923
520
217
638
509
17
402
878
823
593
806
214
86
37
655
734
568
308
568
417
326
41
414
411
346
939
987
544
358
644
194
451
218
13
374
337
406
147
640
62
319
783
680
605
566
226
868
571
76
229
280
604
156
752
991
815
575
213
864
576
942
811
580
499
642
764
911
391
430
875
262
876
225
281
831
859
876
250
801
154
625
873
414
222
217
274
747
549
283
38
584
996
173
244
970
77
941
616
184
762
186
800
178
506
322
450
429
52
23
814
382
985
237
342
551
923
55
566
16
334
694
836
793
899
466
250
565
196
471
70
76
961
354
461
613
254
370
164
344
272
49
692
330
516
878
627
223
428
334
510
695
513
942
849
235
568
23
827
191
34
654
703
260
685
348
945
75
378
79
786
430
924
767
49
202
727
241
85
189
767
609
529
74
98
336
578
476
298
731
685
926
284
943
375
993
113
379
989
775
432
457
627
499
214
425
779
980
632
94
361
645
686
172
698
374
485
202
419
119
77
821
641
173
687
524
384
900
369
260
51
307
937
715
891
759
266
186
691
121
251
975
903
566
78
815
954
506
677
121
884
439
333
860
869
181
948
296
139
565
861
226
972
266
838
655
950
591
632
240
485
537
872
664
678
465
917
937
497
707
753
815
943
598
940
255
284
751
80
715
553
36
833
351
805
86
807
112
847
449
608
382
502
472
892
486
215
441
147
152
226
77
267
798
203
29
652
753
829
415
162
804
28
493
299
510
617
609
796
531
574
966
313
224
657
516
390
558
715
670
163
516
926
328
651
801
655
398
177
509
708
136
763
929
916
549
111
407
732
758
863
876
565
368
934
435
388
104
618
233
672
444
305
542
26
614
136
934
467
321
329
833
605
20
848
328
683
744
657
439
670
478
508
561
10
588
346
494
387
334
278
56
761
974
40
241
930
125
175
110
929
255
137
938
683
183
755
564
92
442
230
845
946
764
432
918
823
446
481
593
796
324
151
871
745
948
402
189
240
923
368
93
507
883
963
815
393
28
15
162
102
751
790
512
63
590
339
104
79
319
282
905
167
852
342
666
584
50
143
643
978
671
923
930
668
412
90
688
925
300
571
263
695
637
14
767
28
203
577
657
711
282
882
30
418
391
476
608
378
452
445
351
830
566
815
359
236
525
551
558
490
390
339
907
303
917
861
896
601
24
878
217
711
257
272
312
752
362
561
830
111
298
35
962
464
442
192
140
640
826
491
930
471
584
993
904
267
370
587
188
531
965
974
292
837
979
90
520
555
188
351
655
753
989
864
130
313
241
207
762
869
637
873
203
980
269
750
272
825
382
754
555
779
892
818
558
69
180
924
414
291
317
370
131
81
420
595
462
795
687
818
538
962
188
716
621
774
253
734
577
966
471
147
765
348
784
252
587
241
751
217
177
483
23
654
278
745
865
437
954
488
458
205
130
26
82
939
657
344
796
393
608
87
783
624
517
545
874
335
593
475
46
378
242
202
778
812
38
628
595
313
241
820
945
361
811
347
587
908
12
905
969
650
914
576
697
918
883
354
782
351
872
766
487
768
196
79
469
749
858
325
696
804
505
744
13
398
952
774
716
677
372
213
376
344
563
204
480
738
935
669
884
934
981
364
326
476
533
499
97
918
991
279
570
975
420
597
462
256
859
81
803
279
602
310
843
778
811
167
663
146
333
452
103
262
483
101
806
709
635
98
434
736
149
790
994
680
843
368
619
915
806
423
27
402
627
317
841
369
899
36
745
588
694
962
317
394
973
278
180
143
745
741
398
317
113
158
855
198
517
10
451
882
590
363
636
332
993
405
354
874
62
70
898
377
323
715
928
908
752
352
105
194
25
314
352
203
613
313
131
539
476
415
577
726
525
321
115
824
561
979
580
939
712
170
948
374
963
971
230
317
933
461
473
85
318
992
825
954
816
531
346
137
928
449
102
128
533
915
499
644
193
894
297
992
259
681
135
287
670
734
863
354
952
326
319
377
50
506
654
475
866
863
797
843
44
728
94
346
846
518
466
938
478
85
980
961
718
719
959
792
800
109
262
506
832
746
258
742
673
419
650
23
200
740
28
871
802
812
747
15
21
135
727
459
492
390
545
1000
39
613
552
650
727
71
996
696
775
119
390
623
109
777
844
213
134
330
489
726
426
585
415
866
461
941
292
782
854
13
461
898
228
352
776
770
856
329
229
342
579
159
431
962
912
293
57
618
249
231
43
555
40
37
113
569
308
472
905
490
981
518
770
579
967
220
182
916
18
422
816
356
45
735
119
106
714
210
312
75
210
495
156
483
907
242
201
143
430
919
548
889
669
367
167
171
812
828
740
112
248
279
970
917
824
432
487
913
498
47
172
226
985
898
472
641
563
568
88
926
168
53
255
320
169
88
227
727
877
271
488
411
897
627
450
683
116
785
388
464
587
784
646
871
948
792
226
39
964
779
790
630
446
300
661
160
281
579
520
984
905
928
216
883
1000
202
280
856
394
469
640
677
339
777
486
288
241
943
894
950
403
110
75
721
364
29
874
336
77
922
380
386
834
754
761
140
358
701
52
837
392
176
597
465
374
834
729
162
525
566
976
561
974
765
425
269
188
183
836
68
168
967
359
160
894
421
655
714
154
570
864
596
586
439
569
221
340
794
28
142
189
614
849
629
264
518
395
886
430
109
959
899
324
230
455
201
254
999
1000
87
673
381
940
715
229
791
843
175
841
20
208
594
126
199
307
810
298
99
109
273
823
157
158
147
759
662
466
442
922
623
436
665
115
771
558
458
721
68
33
298
764
810
568
971
42
626
340
827
268
224
155
881
956
145
55
114
681
576
713
966
464
373
282
733
139
871
118
90
448
817
736
418
673
90
230
518
781
752
873
827
169
478
443
421
934
603
365
718
533
199
272
813
195
357
340
483
191
847
206
42
279
303
323
116
140
32
979
469
143
433
814
182
832
727
927
265
115
387
220
136
174
856
586
611
417
421
913
954
211
925
385
825
19
957
131
143
881
395
10
219
11
747
617
265
524
943
307
899
887
206
949
777
468
360
519
456
608
192
186
168
113
889
84
762
962
948
911
920
753
797
668
910
213
953
89
877
991
142
940
14
363
378
691
779
132
707
75
307
567
195
418
552
35
141
141
517
999
940
852
119
903
744
194
927
750
679
772
598
388
714
673
484
37
550
412
378
232
916
688
745
80
832
837
602
770
904
77
226
510
912
162
495
638
729
687
11
786
525
762
135
647
36
967
273
617
302
692
839
957
532
124
922
759
27
107
151
839
366
955
559
57
531
943
90
246
127
520
963
761
664
508
787
915
180
108
621
362
974
487
70
209
203
644
217
440
125
253
389
917
719
912
903
785
657
229
288
551
88
735
636
852
363
947
361
864
970
591
962
710
430
17
798
315
610
390
389
451
804
683
24
516
742
365
162
444
155
1000
443
854
680
804
163
792
381
960
900
238
649
778
642
170
684
486
976
56
761
475
815
661
774
125
961
637
645
414
463
830
373
455
817
531
957
717
843
910
745
139
683
177
169
992
781
71
486
388
484
855
399
788
288
393
26
394
384
84
666
912
90
550
380
368
391
818
126
552
594
427
688
698
107
89
625
915
813
626
508
809
362
286
277
750
547
535
27
498
54
319
934
218
663
220
497
513
283
716
434
898
469
907
50
975
939
904
942
674
159
656
709
720
828
775
637
745
78
734
477
984
29
828
114
761
910
583
634
577
502
945
623
758
561
859
209
506
266
966
84
87
904
862
156
179
515
839
183
792
75
823
973
690
882
891
502
373
469
461
475
253
791
607
975
633
855
737
550
297
486
687
300
941
885
775
283
174
422
725
572
697
969
576
579
848
702
798
617
837
851
920
258
840
847
656
190
16
841
132
68
224
59
751
508
111
984
686
323
10
344
820
286
447
184
574
606
67
864
360
931
207
696
23
35
630
293
39
974
863
126
390
774
934
560
552
709
453
223
704
362
991
241
666
390
660
507
103
660
169
36
140
98
663
608
129
792
35
347
20
726
182
212
756
391
736
773
904
853
397
490
264
867
608
365
852
319
263
931
166
294
394
149
209
726
224
180
483
541
481
979
335
559
432
654
567
818
632
807
37
499
764
368
168
763
563
924
857
312
259
610
641
754
506
981
915
345
450
391
897
124
225
24
300
841
790
559
68
530
545
215
75
554
289
619
362
885
488
421
992
975
939
960
455
68
558
714
385
479
554
284
317
181
742
716
165
283
337
554
41
134
169
622
570
906
652
674
528
98
669
962
164
558
552
301
767
92
240
994
888
727
374
545
681
419
120
932
962
41
880
93
701
477
727
195
595
718
928
617
125
272
723
688
206
727
998
340
262
175
918
353
577
225
557
377
180
988
565
705
785
893
262
508
747
598
736
382
304
951
853
470
266
319
318
604
868
163
617
25
845
189
387
821
895
507
251
708
179
375
418
588
886
233
643
347
335
300
488
870
773
398
740
61
661
316
239
538
628
481
345
582
225
963
774
62
901
398
819
673
523
961
713
543
463
792
974
609
575
246
527
922
965
356
852
813
261
436
474
713
861
29
529
779
219
675
711
639
349
89
582
725
476
478
520
1000
865
442
506
482
135
976
647
896
607
638
945
383
213
970
722
30
330
634
548
189
252
719
264
638
479
209
920
708
695
762
911
547
463
249
83
224
103
455
864
440
787
471
646
540
449
34
678
258
243
578
727
30
907
496
237
511
770
819
401
733
87
403
417
431
708
419
567
825
707
354
341
510
326
918
895
455
965
762
965
243
870
993
796
587
109
736
727
76
748
372
157
331
27
208
518
845
986
370
186
306
385
983
825
781
233
482
770
372
125
112
755
60
317
869
258
281
875
342
408
384
988
122
562
238
981
271
989
137
980
713
976
380
199
791
935
219
733
441
394
673
595
299
625
741
830
91
397
755
276
720
171
777
758
982
978
968
782
151
10
685
639
705
552
767
358
399
896
385
261
755
782
977
598
132
783
172
43
602
454
705
547
543
17
495
772
816
274
863
128
237
34
296
344
766
270
320
640
74
700
354
474
140
467
656
986
289
355
528
919
155
717
433
519
851
806
575
971
498
711
180
700
184
268
677
258
893
984
276
497
196
189
217
151
451
315
288
577
789
941
108
448
907
543
873
330
725
390
141
889
68
564
64
449
951
829
16
412
43
722
129
570
801
375
764
549
459
416
337
541
97
64
67
574
889
636
998
980
603
927
203
121
469
847
205
691
780
623
207
694
115
347
990
163
201
144
595
11
673
799
688
445
970
877
846
882
349
285
947
33
774
365
549
697
857
408
575
418
592
389
606
381
697
349
389
55
810
564
81
489
430
149
942
655
630
101
46
504
170
613
123
653
458
276
934
296
931
606
914
390
843
923
345
86
757
525
697
951
63
767
836
352
51
29
873
37
806
187
277
337
100
241
252
709
115
616
160
800
705
58
415
32
603
421
401
311
731
527
877
19
160
931
442
976
823
265
975
368
278
290
42
40
505
669
766
686
988
103
902
647
513
433
10
155
722
595
279
136
189
609
478
517
228
205
623
897
634
823
54
347
865
428
457
922
376
744
820
374
509
186
609
215
233
294
703
202
334
15
848
474
491
881
760
481
221
386
112
25
885
48
635
832
32
537
570
540
222
122
115
203
68
397
808
811
415
406
441
941
312
682
27
980
209
387
449
686
414
646
722
964
981
564
450
925
451
814
220
60
697
55
157
123
550
927
12
638
732
232
537
635
787
764
905
472
403
882
335
158
731
947
565
773
495
602
76
192
218
393
483
337
169
330
766
256
861
19
997
410
669
626
833
446
646
31
358
973
689
221
371
926
944
790
972
712
216
405
169
153
840
66
846
681
644
173
477
362
840
481
125
480
406
98
889
342
909
310
988
983
867
47
26
209
689
311
174
692
698
99
370
313
26
911
618
895
45
820
84
927
196
582
839
600
759
837
110
771
98
568
747
542
563
931
165
348
363
278
914
602
710
394
50
969
916
340
159
785
355
258
718
922
968
943
338
341
786
503
249
820
367
459
70
668
415
125
299
384
656
601
353
238
664
959
314
432
742
128
129
252
80
496
732
210
405
828
741
92
934
65
513
395
521
64
762
208
780
372
792
283
421
743
489
743
885
618
588
630
852
608
391
479
640
276
142
872
893
582
577
612
917
332
374
487
796
226
189
365
889
194
355
215
456
41
933
470
606
942
547
670
822
921
905
699
288
382
876
617
122
527
683
994
705
886
438
209
301
482
16
178
891
273
15
375
583
911
314
278
878
712
193
597
493
421
641
175
380
189
619
890
436
152
589
745
156
222
196
944
880
858
433
88
333
740
688
368
787
360
535
227
68
70
698
586
507
895
99
238
251
268
146
680
880
968
637
815
758
738
77
911
264
529
519
827
134
454
708
835
209
322
156
980
169
938
402
802
765
978
690
52
478
106
713
929
505
186
911
533
820
970
895
308
756
626
605
370
838
988
565
737
298
821
544
843
588
666
962
218
642
658
645
239
429
123
831
518
486
496
962
361
910
594
152
904
243
652
172
565
635
894
845
570
587
822
78
104
821
780
441
948
36
258
468
179
181
538
420
486
72
863
318
672
495
970
945
286
924
175
163
49
511
444
71
726
681
115
780
998
440
125
508
356
108
821
923
402
102
323
750
948
175
168
493
793
90
520
574
874
536
872
288
469
571
265
157
252
844
634
144
728
596
967
697
336
655
460
458
686
956
672
737
938
502
321
720
576
413
351
505
138
775
669
35
647
478
817
117
458
840
906
971
552
763
603
662
902
123
31
892
55
724
797
10
213
911
34
729
575
724
594
402
243
849
188
484
122
69
310
43
132
416
654
636
995
290
113
856
372
198
413
347
830
991
487
513
280
347
18
550
432
988
385
529
800
588
307
310
870
27
57
972
493
310
436
859
815
762
729
599
278
720
186
632
869
822
944
498
373
636
677
784
461
338
917
29
152
752
168
984
863
44
158
29
282
873
785
116
903
456
490
834
203
329
449
868
872
799
240
406
536
893
899
865
509
797
352
602
661
198
187
255
636
832
996
88
162
921
205
374
653
434
636
876
31
156
39
922
964
345
895
263
644
713
827
652
145
737
375
466
720
446
961
126
968
518
735
387
212
300
629
526
949
991
171
214
585
93
706
939
528
660
388
389
805
312
689
639
49
433
846
259
124
969
727
548
314
862
48
625
869
852
974
943
228
764
391
971
410
533
562
953
40
898
703
159
743
772
140
195
558
77
416
116
67
23
120
608
382
308
797
461
88
661
850
897
817
572
993
491
32
407
62
820
779
450
354
511
148
173
532
880
23
23
266
35
276
597
79
395
535
830
134
143
324
272
158
367
966
584
787
952
370
39
600
63
526
733
662
855
622
337
482
121
773
385
510
759
250
246
252
588
266
717
376
665
615
28
208
949
910
939
698
287
854
784
671
981
720
659
144
861
505
588
526
934
354
55
101
666
966
319
973
540
871
506
605
702
253
631
219
808
250
617
48
377
213
63
443
536
427
237
964
90
613
824
745
752
619
812
669
45
521
834
234
849
456
577
424
723
205
334
773
961
435
503
666
310
46
931
12
531
703
752
666
913
40
42
147
302
832
982
549
412
145
528
796
833
563
164
934
517
140
851
959
118
528
541
787
737
320
619
116
952
88
258
329
857
730
189
133
954
899
171
949
795
321
237
932
130
723
333
970
331
745
359
255
586
853
939
382
29
482
13
60
441
561
707
256
829
969
384
833
760
641
958
416
980
179
972
241
930
331
904
588
590
705
488
499
750
187
513
82
28
275
523
549
937
483
178
330
834
629
715
466
346
377
808
807
841
860
338
374
886
949
743
328
45
62
425
911
700
325
634
825
962
307
252
794
139
877
428
84
955
424
516
660
37
252
516
706
868
871
210
729
795
751
897
200
734
280
106
472
159
54
609
885
205
224
434
973
371
773
822
199
700
725
821
759
975
985
841
899
47
272
838
677
929
115
481
696
123
644
993
294
679
243
855
444
131
704
106
502
397
374
486
359
407
491
476
213
530
799
237
752
532
612
586
684
806
542
884
914
841
482
223
656
651
659
659
509
655
158
43
355
100
300
957
662
279
712
986
940
747
377
51
686
832
487
931
998
75
979
240
387
558
727
200
744
156
437
943
651
704
653
657
822
584
841
983
26
688
178
889
493
78
418
426
748
848
538
788
192
976
646
727
255
134
276
242
534
317
433
662
78
787
652
791
421
588
201
888
949
669
472
615
226
932
762
149
854
647
440
714
820
428
537
228
174
500
132
994
980
622
129
313
255
443
705
864
418
952
766
359
562
273
473
675
730
439
597
418
310
561
49
530
797
23
482
190
521
952
937
435
351
691
821
501
531
758
917
897
198
287
672
512
780
406
40
90
703
549
778
335
58
319
926
421
893
66
643
129
760
773
885
130
979
731
711
368
451
819
28
325
424
280
457
525
624
326
371
192
726
819
482
787
496
138
24
173
546
439
228
931
806
677
500
403
881
192
293
956
601
565
206
549
255
645
735
652
861
864
154
531
896
870
849
78
35
309
825
240
447
404
485
234
650
564
124
186
105
233
179
226
714
139
836
383
245
174
872
140
797
455
970
35
412
650
560
310
213
372
921
978
414
757
408
455
706
434
146
556
826
976
554
652
596
719
685
96
147
625
517
439
806
879
821
70
788
580
276
683
850
456
742
632
923
862
247
996
769
155
575
248
814
62
167
762
813
172
882
429
587
187
669
490
300
276
68
269
371
266
213
540
166
689
244
514
495
542
636
725
645
581
404
846
19
178
976
410
373
492
270
817
977
783
103
219
341
777
560
630
582
677
948
785
478
470
140
469
773
718
696
537
546
786
24
149
603
123
991
289
927
668
150
856
72
338
307
524
931
417
702
812
967
856
168
651
720
169
830
382
272
510
622
583
352
234
548
672
282
435
10
999
960
492
347
686
712
927
836
545
369
288
664
152
820
888
337
723
1000
324
784
411
12
617
853
825
87
250
585
120
929
862
345
553
537
853
829
337
150
428
15
268
970
216
887
72
681
678
749
851
813
307
186
86
223
409
20
242
971
256
514
311
826
523
471
461
408
567
169
396
716
175
632
906
273
838
900
810
455
309
105
176
161
325
830
175
74
774
529
982
844
291
322
159
453
566
113
259
966
835
961
85
952
163
71
47
318
75
894
587
854
702
607
331
438
726
68
437
532
172
817
368
890
352
190
425
856
815
249
937
370
62
357
843
284
107
78
610
908
149
651
969
737
531
170
943
586
908
181
844
54
223
738
43
942
811
280
538
773
560
300
707
849
447
711
243
792
350
677
191
269
794
283
696
645
176
353
811
929
796
149
232
700
76
325
694
358
912
466
883
569
555
350
377
910
771
961
877
92
215
205
309
174
502
505
128
886
922
105
360
534
338
588
428
904
891
478
62
982
442
851
178
625
980
578
780
289
793
751
998
789
760
373
771
114
994
467
960
946
699
696
647
18
57
891
813
857
286
175
836
826
582
358
974
653
740
213
107
404
235
266
258
659
68
269
643
112
12
258
165
694
702
858
401
377
65
331
298
823
404
609
864
980
856
345
293
252
189
165
739
519
403
878
259
587
682
590
770
512
137
333
360
224
590
604
455
647
102
403
454
787
611
186
189
999
803
349
575
840
427
672
410
749
536
249
70
296
405
115
556
625
665
792
835
590
346
961
615
32
916
920
110
117
468
58
984
861
45
177
959
187
742
271
667
94
725
580
151
101
676
23
464
610
177
624
156
937
354
495
209
651
874
955
757
271
924
161
59
761
870
73
52
48
416
875
293
437
614
126
921
417
403
394
965
127
320
292
780
667
520
609
953
177
502
153
263
652
599
901
601
49
826
447
213
315
362
519
705
453
270
385
508
796
899
810
767
753
884
832
534
575
277
935
166
602
166
781
963
396
537
52
691
51
410
223
40
904
33
569
889
28
485
387
987
427
226
133
88
486
56
873
50
45
63
857
887
550
292
78
497
640
915
192
696
50
320
74
196
761
234
225
981
20
321
573
383
442
472
894
531
675
991
363
482
812
164
736
420
551
334
524
502
382
673
966
359
473
556
178
153
162
730
994
968
960
397
838
252
407
12
134
277
453
188
889
195
280
577
248
997
986
975
589
348
549
337
939
978
120
112
747
724
767
495
574
853
117
183
106
861
160
11
371
651
288
260
591
955
148
399
195
503
618
626
912
65
504
145
214
744
940
919
237
893
323
478
937
456
790
539
702
498
195
279
509
801
967
721
87
76
540
252
728
937
24
548
380
864
53
440
206
133
165
434
279
905
212
56
914
488
670
223
544
916
651
828
567
824
558
157
174
434
971
155
233
447
265
295
647
209
21
369
743
309
737
205
993
371
158
441
841
729
251
513
950
707
897
969
552
322
919
615
320
889
679
126
891
987
298
859
440
411
930
704
871
727
799
693
915
368
501
923
917
775
984
586
670
69
678
367
512
670
103
257
458
624
118
928
305
662
697
918
929
631
193
136
913
654
944
676
101
31
328
867
774
400
725
939
330
883
964
307
927
656
510
620
751
518
930
451
833
987
768
454
320
912
150
562
594
142
449
398
290
676
311
589
309
542
181
679
345
474
448
368
522
963
898
539
204
448
943
617
842
859
952
853
280
245
377
654
505
349
769
819
590
155
734
62
610
280
343
399
140
125
829
563
654
214
137
962
877
722
326
560
452
711
245
716
524
712
480
198
573
447
429
622
772
331
991
604
703
563
583
852
685
185
62
219
385
904
318
789
576
605
883
956
882
563
943
916
627
173
990
692
814
846
202
705
714
185
163
797
909
622
455
58
514
844
954
477
112
832
709
263
393
117
908
486
595
361
394
363
691
173
206
824
664
385
32
522
639
723
202
546
103
432
680
994
583
43
402
326
652
33
35
952
936
883
428
116
337
855
416
537
748
954
937
228
393
20
825
464
282
882
612
891
860
375
806
537
253
188
422
452
331
684
775
378
64
973
421
256
609
247
17
926
83
491
360
103
259
581
940
185
547
211
164
920
663
97
620
928
478
222
620
810
441
505
896
692
867
948
71
623
844
507
824
570
980
621
397
605
458
242
997
445
58
866
86
798
991
72
936
953
313
737
526
267
441
937
364
174
802
664
585
742
433
701
800
547
288
922
746
238
601
443
371
550
812
503
140
440
704
229
559
767
947
996
308
201
536
598
696
133
230
646
478
588
20
309
327
829
716
98
574
63
816
604
415
965
204
509
455
318
158
562
484
174
789
289
268
524
420
723
41
464
153
182
179
627
926
432
639
228
828
394
84
311
537
708
856
12
957
675
560
409
979
525
525
52
247
234
694
149
61
606
673
841
409
472
504
726
521
894
577
175
126
937
408
546
223
392
565
466
528
327
292
84
244
205
534
45
184
187
906
369
623
905
17
332
358
479
270
525
461
694
812
679
830
243
660
218
882
867
335
666
292
788
710
490
110
197
259
326
274
817
774
170
779
369
565
158
743
641
783
648
351
683
704
595
923
692
932
426
650
25
901
208
257
864
763
653
135
417
685
361
105
721
213
231
911
197
969
542
274
782
924
685
478
74
632
33
750
815
192
422
305
776
502
952
127
904
668
960
339
239
742
531
219
309
255
673
437
975
327
197
427
404
41
359
692
826
946
525
563
652
789
89
889
969
34
434
964
956
370
815
29
429
675
349
217
907
943
25
948
357
159
545
939
249
259
803
356
415
953
221
43
196
198
379
167
685
541
548
504
394
655
292
718
444
474
252
386
673
67
384
323
647
915
616
295
944
829
806
706
56
304
412
834
713
842
569
101
626
843
803
342
761
269
470
233
630
783
690
661
704
963
346
506
508
588
1000
55
507
470
295
352
68
635
193
135
544
749
803
495
62
702
951
389
214
664
559
514
646
908
622
472
483
318
542
896
101
178
448
484
479
1000
343
193
959
906
972
447
844
586
914
104
663
550
573
457
351
620
994
33
320
509
835
773
771
786
118
490
79
671
982
174
967
257
505
63
91
676
885
713
494
696
732
49
152
358
170
410
822
688
673
91
662
622
606
326
560
89
581
444
773
929
998
641
238
357
778
377
660
94
576
545
708
919
638
838
443
971
407
740
830
640
908
863
932
319
993
939
462
180
933
417
159
426
127
111
706
963
370
225
923
415
343
874
663
313
693
741
542
641
678
818
333
46
417
779
261
306
744
820
965
330
407
157
851
938
615
145
953
790
601
540
229
243
70
632
418
926
498
291
472
303
511
201
729
361
484
184
213
92
720
480
254
97
396
314
894
779
608
608
527
864
72
238
185
634
419
122
998
143
740
707
648
378
339
757
242
547
251
728
20
940
21
63
899
270
743
374
925
617
23
632
131
58
369
626
297
842
393
811
597
292
68
979
729
102
974
191
668
297
897
772
536
342
674
792
160
75
685
847
473
137
839
673
240
571
886
865
70
210
940
598
950
816
917
750
608
315
838
813
557
408
954
996
831
921
740
113
480
262
848
303
245
137
645
158
519
533
682
898
943
755
780
42
451
801
79
313
927
435
634
95
819
834
417
525
742
263
229
444
392
890
818
881
106
851
361
948
910
456
248
90
513
622
388
60
839
995
634
558
24
586
311
674
65
562
216
886
851
362
221
925
543
672
976
785
641
592
905
643
117
817
756
306
521
302
698
874
421
231
326
451
548
216
826
207
926
82
486
650
569
956
977
56
347
415
862
874
553
127
558
126
60
858
658
180
783
230
147
877
49
288
133
734
169
879
520
524
875
917
599
719
288
866
704
272
302
299
994
424
42
204
100
269
759
67
37
416
164
206
455
26
716
645
112
850
61
346
117
305
625
184
648
155
383
695
376
105
33
188
954
45
774
226
294
620
33
835
392
262
364
593
715
132
958
871
941
238
914
753
399
267
707
890
76
702
698
427
889
279
207
959
518
681
970
275
1000
379
945
901
221
547
237
263
450
567
779
987
703
243
956
787
568
626
767
891
470
156
130
957
202
861
915
417
481
856
803
995
684
81
384
750
370
862
45
496
739
496
409
996
452
720
594
898
323
599
991
428
543
248
328
813
627
253
979
633
223
691
946
265
16
834
99
374
752
877
613
462
170
398
297
671
46
209
818
172
782
497
612
281
187
191
295
95
586
291
358
447
290
951
46
75
475
81
474
469
915
620
519
134
645
998
988
463
330
644
952
487
876
138
73
574
757
575
17
474
506
285
776
429
700
485
914
929
930
472
555
20
443
302
856
430
885
886
357
777
494
939
557
533
400
668
980
913
408
982
315
841
818
433
725
937
324
940
272
561
118
427
954
568
409
756
19
282
460
832
471
787
517
935
231
397
356
662
787
710
830
437
275
803
379
193
27
400
73
674
504
21
946
873
381
190
415
232
989
66
565
25
49
700
376
447
466
991
626
400
944
465
707
986
871
814
726
605
650
680
612
289
884
99
210
25
329
335
916
125
136
316
178
438
762
374
578
292
794
663
161
271
893
94
429
802
900
485
334
622
153
111
140
687
20
826
462
538
145
321
426
525
489
400
551
402
558
215
605
923
427
76
396
369
586
93
524
211
679
290
385
324
775
639
312
816
941
538
516
598
35
734
868
985
149
510
445
118
646
866
608
453
728
236
901
585
893
933
926
94
835
920
783
213
248
855
222
479
36
862
741
306
595
939
251
160
446
268
309
984
263
922
711
554
221
530
131
940
147
596
730
983
562
741
671
402
163
961
878
942
942
527
412
105
943
938
249
840
621
509
284
627
723
560
428
259
47
580
885
162
965
628
292
574
20
224
113
60
132
680
703
582
932
546
553
42
268
28
788
499
385
502
890
946
780
363
326
607
55
733
657
175
809
651
639
136
956
189
661
604
450
533
840
43
968
13
424
122
534
650
325
368
973
467
716
352
916
690
147
401
723
989
350
395
842
426
137
864
982
507
499
488
314
829
791
658
70
459
143
846
897
694
621
974
666
787
635
475
121
436
1000
932
957
454
445
50
609
170
729
355
313
607
190
669
900
234
756
414
579
685
53
776
48
341
253
627
576
850
644
225
447
348
714
131
814
46
121
198
847
347
431
183
389
938
27
208
873
825
307
265
405
980
299
251
510
788
74
725
188
198
607
355
966
169
465
170
717
734
459
115
38
401
753
358
195
988
44
172
968
524
203
147
781
333
526
68
61
207
59
228
724
230
156
69
824
472
326
402
878
156
173
348
762
688
795
819
751
446
441
951
99
925
161
475
89
425
82
942
792
622
52
383
664
612
276
258
899
748
745
676
32
620
739
419
963
71
37
662
44
51
847
99
37
45
42
883
341
164
65
403
429
756
660
102
748
622
440
347
401
267
939
346
614
714
716
749
90
265
994
68
878
985
737
402
523
71
296
801
861
873
408
246
710
968
361
324
516
908
655
637
632
149
123
966
45
996
613
273
564
582
507
154
669
251
200
437
951
145
819
830
142
973
845
275
617
726
238
917
914
415
584
926
548
231
258
79
488
932
732
626
701
784
77
862
135
489
73
673
82
979
596
194
440
122
373
724
868
687
824
650
729
938
172
56
628
992
832
967
50
139
536
12
217
377
325
292
89
321
706
815
341
299
746
99
642
95
369
92
571
312
116
94
459
627
528
699
985
989
33
424
374
516
642
108
618
451
617
261
403
310
40
937
89
123
863
589
599
677
675
894
504
21
829
361
479
493
161
531
550
20
316
709
557
324
699
781
118
538
586
937
174
747
234
28
834
467
400
579
408
107
111
528
756
925
256
146
25
100
608
359
470
324
710
783
123
566
56
676
524
150
631
994
498
428
344
772
884
102
114
47
607
257
51
651
920
590
284
319
781
788
591
395
414
900
78
267
122
378
938
678
443
485
531
59
875
925
263
509
936
827
774
856
711
930
911
638
218
599
862
612
174
115
268
897
496
138
687
50
671
217
286
299
74
796
667
777
752
556
498
564
977
363
989
913
698
528
986
419
450
858
918
181
326
617
819
380
841
449
291
91
739
465
255
102
469
304
908
95
891
461
655
980
91
82
947
683
356
698
258
763
944
199
910
152
322
641
854
791
905
848
63
172
593
736
693
166
858
19
394
50
479
266
983
432
168
820
956
368
360
871
519
923
130
818
187
134
623
442
618
334
274
19
291
362
895
265
95
449
523
299
215
218
634
920
758
777
793
297
767
357
364
715
879
420
345
503
255
949
98
379
470
601
895
525
490
321
592
898
952
371
68
647
724
956
176
462
60
863
568
903
788
73
627
862
406
696
238
43
391
59
572
166
240
426
183
940
532
155
123
766
54
346
103
944
879
398
292
497
624
729
276
184
670
78
449
621
133
247
225
377
686
984
402
599
220
932
348
31
911
470
896
927
418
916
832
460
782
713
60
152
460
417
794
373
899
733
429
368
538
462
330
822
847
797
107
659
29
151
77
450
381
913
450
567
896
123
490
372
344
793
864
582
124
696
498
27
156
173
846
45
474
384
572
408
839
533
539
154
744
458
549
557
273
873
926
484
234
614
596
854
389
893
352
932
640
672
594
173
351
934
295
477
788
742
762
298
291
634
321
223
486
151
517
304
663
441
945
189
378
176
85
923
781
626
551
665
186
943
843
557
546
563
709
698
496
754
850
170
490
993
567
541
231
90
515
454
790
602
371
887
811
116
295
18
179
487
741
380
21
739
112
281
840
484
732
877
964
686
581
177
630
754
682
890
375
232
220
100
224
674
41
204
307
639
470
329
233
476
754
462
461
494
69
223
510
145
849
245
244
158
223
287
899
871
878
105
731
218
918
178
771
74
793
807
575
252
697
725
735
307
423
780
416
111
611
86
795
783
493
249
377
304
82
929
705
791
449
22
611
159
513
423
101
910
604
237
439
13
542
154
373
445
330
244
977
808
242
972
345
503
299
997
891
792
526
864
856
532
781
501
26
696
413
878
41
401
58
13
348
715
920
378
67
99
56
868
53
235
107
749
206
882
364
751
795
754
597
207
463
681
109
114
930
523
546
399
658
214
587
984
78
847
857
957
807
132
999
412
485
857
699
934
772
902
223
962
322
938
858
492
622
576
327
290
300
671
527
784
541
40
528
966
177
855
785
808
714
670
632
483
25
588
495
662
989
941
336
909
120
299
878
16
504
218
583
907
34
132
621
400
435
338
762
759
125
501
487
335
653
822
686
286
46
285
462
780
38
637
114
986
290
326
40
584
28
761
918
672
13
417
265
737
139
428
81
711
725
399
387
739
726
706
911
388
13
380
368
33
63
221
865
892
127
490
515
316
184
639
848
822
554
387
554
647
716
266
135
302
239
639
606
522
512
698
483
717
832
20
826
317
411
878
213
668
850
277
825
517
558
793
183
677
795
695
178
42
650
329
175
784
378
310
518
839
362
711
291
419
232
212
685
486
743
176
416
948
529
781
998
100
316
824
788
190
140
127
622
903
915
533
925
659
743
564
237
410
647
907
938
535
580
64
461
100
633
502
269
633
380
156
908
354
520
621
719
975
882
759
909
413
652
212
605
121
947
657
832
128
322
523
645
566
879
253
991
817
632
881
202
555
786
187
569
896
974
145
786
802
450
883
530
68
137
537
367
446
819
153
846
979
92
538
636
149
212
975
598
185
720
154
976
37
12
676
810
250
995
120
161
505
207
234
932
392
838
175
943
241
69
251
794
773
970
31
710
945
669
943
150
713
429
61
61
453
178
755
778
515
549
598
133
44
226
162
520
285
37
577
170
273
557
300
192
99
405
290
529
435
324
389
106
882
318
413
186
581
213
706
279
72
65
630
726
156
612
337
521
768
317
426
475
113
967
562
614
300
588
606
30
18
281
978
385
779
26
687
690
975
880
152
394
532
853
548
79
559
518
960
521
753
966
283
316
31
304
812
808
758
362
682
985
600
221
306
859
366
777
535
648
846
428
994
369
627
680
37
211
197
497
333
378
264
554
821
473
956
458
477
451
203
495
190
451
842
212
32
331
193
251
535
500
164
757
716
941
506
25
498
899
149
522
302
631
334
105
909
278
210
245
813
586
997
774
845
889
21
555
259
792
160
83
23
564
233
194
841
951
399
828
572
798
681
321
398
772
260
947
514
146
302
349
858
538
488
78
710
145
662
150
768
850
47
888
16
267
664
602
639
645
356
895
812
20
393
743
827
608
675
361
701
256
31
603
347
500
186
256
61
195
839
991
363
763
151
409
915
139
582
527
791
294
354
562
474
211
983
397
94
49
590
305
804
206
241
445
729
62
365
883
811
57
901
706
814
475
61
562
496
763
686
127
355
699
137
562
55
306
167
526
271
275
532
402
404
484
36
851
242
365
253
197
785
685
128
695
775
405
241
888
590
695
644
562
142
463
455
865
61
480
808
305
856
730
562
935
960
655
818
366
240
800
504
297
744
225
357
670
207
165
794
184
979
861
942
909
101
558
660
71
156
449
469
600
263
691
427
371
164
797
381
900
945
599
829
319
258
487
782
660
612
35
255
287
133
540
206
328
809
721
545
146
840
395
444
88
135
632
888
527
47
10
799
561
101
952
825
443
189
978
230
635
162
185
507
360
365
141
968
338
22
985
883
96
525
319
943
476
485
956
600
666
801
876
727
255
313
458
874
750
270
957
248
657
211
394
604
226
242
242
406
781
611
110
495
12
928
574
256
375
630
50
497
895
389
443
145
112
424
289
997
773
177
688
712
889
608
112
178
158
860
36
485
919
282
508
106
363
193
721
720
250
708
309
131
367
307
190
144
271
151
423
457
564
175
455
636
97
866
998
760
892
994
539
147
924
214
580
728
498
961
198
771
67
29
237
673
570
994
222
101
612
963
70
472
756
780
62
30
665
923
571
234
974
96
478
905
406
991
973
677
188
202
645
211
34
691
113
253
427
699
724
805
637
798
572
652
948
402
662
545
732
944
656
651
201
909
301
512
384
941
779
547
957
226
482
478
646
854
130
270
336
862
465
835
117
60
275
717
167
960
513
75
61
460
294
950
261
711
723
508
55
617
190
828
52
468
761
115
491
258
892
894
96
159
967
785
289
27
773
473
566
226
316
635
24
677
869
622
354
26
843
578
658
616
759
384
934
487
338
382
24
498
893
98
855
845
940
166
417
15
469
323
432
220
866
294
259
324
448
825
29
303
980
12
526
124
941
182
65
968
86
721
891
771
534
736
841
488
489
293
973
20
978
60
940
981
788
758
97
773
87
504
128
566
910
656
427
505
306
544
841
398
885
928
575
123
762
264
671
273
397
167
40
845
891
219
795
693
889
703
507
276
668
37
751
908
279
257
112
640
266
725
254
322
900
945
322
236
370
680
121
741
14
614
910
920
364
209
178
937
497
468
669
328
899
705
459
598
84
505
479
568
167
25
898
760
814
625
16
344
866
343
480
697
582
96
858
638
499
575
460
258
901
795
143
528
740
198
979
412
949
835
673
705
478
228
858
366
734
618
38
154
303
319
706
192
214
444
698
468
756
563
758
624
563
727
306
492
220
370
463
512
57
945
113
438
317
220
570
46
768
774
676
607
34
412
455
322
712
851
794
155
441
437
82
381
155
851
32
986
450
305
619
600
535
72
146
113
231
525
589
343
967
984
635
553
966
620
790
542
366
736
342
494
18
532
415
926
90
563
810
888
44
585
654
117
424
151
722
423
183
235
338
110
928
597
901
843
42
620
718
244
482
997
109
380
509
31
345
831
107
466
773
317
588
969
715
848
111
985
765
969
914
450
128
774
583
138
690
576
358
463
573
204
133
359
609
694
760
59
884
778
50
818
800
674
889
598
538
773
492
252
81
820
725
56
165
659
672
155
574
181
908
1000
713
966
555
397
845
249
975
395
830
319
755
89
119
570
620
862
577
777
832
223
202
635
559
77
967
337
168
100
54
945
327
280
638
24
163
702
790
527
555
999
42
158
851
840
42
540
738
761
654
62
460
23
394
851
687
990
625
123
268
265
563
933
312
910
475
993
595
622
471
729
341
627
405
584
485
765
770
906
875
323
485
324
99
634
718
276
501
42
640
519
448
653
601
446
792
999
399
599
420
305
870
186
86
85
57
645
68
347
612
392
938
418
42
750
521
366
81
760
359
938
193
959
956
267
557
81
832
127
85
544
600
641
778
531
476
845
261
842
680
241
270
541
357
396
434
824
636
401
892
569
643
163
869
866
519
132
268
920
759
343
125
277
209
284
466
665
728
416
204
289
682
835
746
677
657
29
1000
12
753
319
464
99
902
108
498
894
144
261
36
282
806
701
654
360
85
73
605
758
34
340
818
599
648
27
535
676
625
97
81
336
749
930
189
188
13
322
831
174
326
716
669
215
308
495
298
44
129
639
538
336
232
357
792
405
165
223
965
420
115
455
144
516
148
17
438
995
373
595
249
114
848
530
341
510
487
309
917
545
740
396
820
251
812
363
500
352
521
812
756
325
559
752
947
260
180
649
369
39
307
524
695
529
691
133
51
985
84
277
641
607
807
911
98
328
534
57
358
633
857
52
684
974
203
909
461
455
629
323
682
933
417
809
274
704
812
142
912
923
145
351
518
393
623
830
355
955
871
410
443
483
636
713
339
535
139
248
306
991
867
244
188
739
276
486
469
76
577
110
620
241
446
292
304
151
514
882
43
421
791
175
929
81
368
262
965
935
271
553
119
745
367
26
935
54
846
793
380
38
608
85
438
803
579
240
964
893
808
23
455
936
339
405
87
425
693
44
804
251
565
600
555
601
856
174
724
349
533
719
601
726
470
823
15
206
577
96
28
308
455
243
922
443
56
902
334
95
777
252
953
906
568
533
400
523
423
405
177
542
212
650
636
737
431
305
960
17
460
327
231
540
325
361
768
46
214
348
670
485
981
156
689
188
283
548
192
349
93
264
295
381
281
998
920
169
749
633
653
826
675
690
432
728
620
267
291
428
525
872
429
176
279
663
137
371
524
806
459
238
966
269
120
289
511
207
135
888
831
173
843
752
608
550
322
208
287
485
243
426
101
62
565
755
360
497
705
850
86
781
310
696
383
220
55
221
298
305
838
703
67
461
886
162
511
112
829
644
150
758
210
513
374
242
45
964
151
539
802
68
494
45
912
747
181
444
253
202
741
884
105
947
200
934
215
14
55
291
368
120
509
55
627
