2
3
5
7
13
14
14
15
17
17
18
18
19
19
22
22
23
28
29
29
30
31
31
32
32
33
33
35
35
36
37
39
39
40
40
41
41
42
43
43
46
48
48
50
51
52
52
53
54
55
57
58
59
60
60
61
62
63
64
64
65
66
68
69
70
70
71
74
76
77
78
79
79
79
80
80
80
81
82
83
83
84
84
84
86
86
87
87
88
88
90
90
92
92
94
95
95
97
97
99
100
101
101
101
102
102
103
104
104
105
107
109
110
110
110
110
110
112
112
114
115
118
119
119
119
120
122
123
124
125
126
128
131
131
132
132
133
133
133
135
135
137
137
138
138
139
139
140
141
141
141
142
142
143
143
145
146
147
148
150
150
150
151
151
151
153
154
156
157
157
158
160
160
162
162
165
165
167
168
172
172
173
173
174
175
175
176
177
177
178
179
180
180
184
185
189
189
190
190
190
191
192
192
193
193
195
195
195
198
201
201
202
204
204
205
207
208
208
208
208
209
209
211
211
211
212
213
213
213
214
215
215
216
217
218
218
219
224
224
226
227
229
229
229
230
234
237
239
239
240
240
240
241
241
242
244
245
248
248
250
250
251
252
253
253
254
255
257
257
258
259
260
260
260
261
262
262
262
263
263
265
265
266
266
266
267
267
269
271
272
273
274
275
275
276
278
278
278
280
283
285
285
286
289
289
291
291
292
293
294
294
294
297
297
298
299
302
302
303
305
305
305
307
308
313
313
314
317
317
317
317
317
318
321
327
327
330
331
332
333
333
333
334
334
336
339
339
340
342
343
344
345
345
347
348
348
349
350
351
352
352
352
356
356
357
358
358
359
360
360
361
361
362
362
365
366
367
372
374
374
377
379
382
382
383
383
383
384
389
391
392
393
393
394
395
395
396
396
397
398
399
400
403
404
405
405
407
407
408
411
412
413
413
415
418
418
419
419
422
422
423
423
423
423
424
424
427
427
429
429
431
431
431
432
432
433
438
439
440
441
441
444
446
448
448
451
451
451
451
451
452
452
453
454
456
459
462
464
467
468
470
472
472
474
474
478
478
480
480
480
481
483
483
483
484
484
486
488
489
489
490
491
491
491
492
492
492
495
498
498
499
500
501
502
502
502
503
504
504
506
507
507
508
510
511
511
511
512
513
513
515
520
520
520
521
521
522
522
522
523
524
524
526
527
527
527
527
528
528
529
530
530
531
531
531
532
532
533
534
534
534
534
535
537
538
544
546
550
550
550
551
551
551
554
556
556
557
558
558
559
560
560
560
561
562
564
565
565
566
571
572
572
572
576
576
576
576
578
579
579
579
579
580
582
584
584
587
587
590
591
591
593
594
595
596
597
597
599
599
600
600
601
602
604
605
607
607
608
609
609
611
612
612
615
618
619
620
621
622
623
625
626
627
631
632
635
638
639
639
641
642
643
644
645
646
646
646
647
648
648
648
649
650
651
651
651
652
652
652
653
654
655
656
657
658
659
659
659
659
660
661
662
662
662
664
664
665
666
666
667
667
667
669
669
669
671
674
674
676
676
679
679
681
681
681
681
682
684
685
685
687
687
688
689
690
691
691
692
692
693
697
698
702
702
704
704
705
705
706
706
706
706
707
708
709
712
712
712
714
714
717
718
718
718
719
721
724
727
727
728
730
730
733
733
733
734
736
738
738
738
739
739
740
740
740
740
741
741
741
742
743
744
744
744
744
745
746
747
747
747
748
748
749
749
750
754
755
757
758
758
758
758
760
761
762
763
767
768
769
771
772
773
773
774
776
776
776
779
779
781
781
781
783
784
786
786
786
786
786
788
788
789
790
792
792
795
795
796
796
797
797
803
803
803
803
803
804
805
805
806
807
808
808
809
810
811
811
811
811
812
812
813
814
815
818
819
819
820
820
823
826
826
826
827
828
828
829
829
832
834
835
836
837
837
838
839
839
840
840
841
842
843
846
846
846
847
848
849
850
851
851
854
856
860
860
860
861
861
862
863
864
864
866
866
867
869
869
871
872
876
877
877
879
881
883
883
887
887
888
889
891
892
892
894
895
896
896
896
896
897
900
902
905
905
908
909
911
911
913
914
914
914
918
921
922
922
923
924
925
925
926
926
926
927
928
928
928
929
931
932
932
937
938
938
939
940
942
943
943
946
947
949
950
951
953
954
955
957
958
959
959
960
960
961
963
963
963
964
966
966
966
967
967
968
969
976
978
981
982
983
983
984
984
985
986
986
988
989
989
991
991
991
992
995
996
996
998
998
999
999
