10
11
13
16
16
16
18
18
20
20
21
21
23
25
26
26
26
28
29
30
30
33
34
34
35
35
35
36
42
43
44
46
46
47
49
49
50
50
52
53
54
55
56
58
60
61
62
64
65
66
67
67
67
67
70
72
72
72
72
73
74
75
75
76
77
79
79
79
80
83
84
85
88
89
90
91
91
91
92
92
92
95
95
95
96
98
99
100
101
101
102
102
103
103
104
105
106
106
106
110
115
116
117
119
121
122
123
125
126
127
128
129
129
131
133
134
136
137
137
140
141
141
141
142
143
146
146
147
148
148
148
149
150
150
152
152
155
155
158
158
159
163
165
165
167
167
169
169
169
170
171
172
172
172
174
174
176
176
176
177
177
178
179
180
181
181
181
182
182
183
183
184
184
184
185
186
189
190
190
191
191
191
192
194
196
197
198
199
199
200
204
205
208
208
209
210
210
212
212
214
216
216
216
217
217
217
220
220
220
221
222
223
223
224
224
224
225
226
227
235
235
236
240
240
240
241
241
241
241
243
244
246
246
246
246
247
248
250
251
251
252
255
255
256
257
257
258
258
259
259
259
262
263
263
263
264
265
267
268
269
272
274
274
274
276
276
278
278
278
279
280
282
283
283
284
286
286
289
289
289
290
290
291
292
292
293
294
295
295
295
297
299
299
300
300
301
301
302
302
303
305
305
306
307
310
311
311
313
314
314
317
317
320
322
324
324
325
325
333
333
336
337
337
338
338
339
340
341
342
342
346
347
347
349
349
349
351
352
353
354
355
355
355
356
358
359
361
361
362
363
364
365
365
366
368
368
370
371
371
372
372
373
373
375
375
376
377
377
381
382
382
383
385
385
386
386
387
388
388
391
392
392
393
394
395
397
398
399
400
401
401
402
403
403
404
404
405
408
409
409
409
409
410
410
412
412
412
413
413
414
414
417
418
419
420
421
423
424
424
424
424
425
426
430
430
431
433
433
434
434
434
436
438
438
439
440
440
441
444
446
447
447
447
447
448
448
451
451
455
457
457
457
458
458
458
459
463
464
464
465
465
467
472
472
473
473
475
476
477
477
479
480
483
486
486
487
487
489
490
490
492
493
493
493
494
494
495
495
500
503
504
504
505
505
507
507
508
508
511
512
515
518
519
520
521
522
523
524
526
527
529
529
529
529
530
531
531
535
536
536
537
540
540
541
541
541
542
542
542
543
544
545
545
545
546
547
547
548
548
550
550
550
551
552
552
552
552
553
553
558
563
563
564
564
565
566
566
566
568
569
569
571
572
573
573
574
575
576
577
578
582
583
584
584
586
588
588
589
589
590
590
591
591
593
594
597
598
599
602
602
602
605
608
609
609
617
620
621
623
623
627
628
628
629
629
630
630
630
633
634
634
634
634
637
638
638
639
639
639
639
640
640
641
641
641
642
642
643
644
645
645
646
648
648
649
650
650
650
650
650
650
651
653
654
654
658
660
661
662
662
663
663
663
663
664
664
664
665
665
667
668
671
673
673
673
673
674
675
678
679
682
682
682
683
684
685
686
687
687
691
691
691
695
696
696
698
698
698
698
700
701
701
701
702
703
704
705
707
707
708
708
711
711
711
713
717
718
719
720
720
722
722
724
724
724
726
728
729
729
730
731
732
734
735
735
736
737
737
737
738
740
741
741
742
742
742
743
743
745
747
747
747
747
747
748
749
751
752
753
753
753
755
755
755
756
758
758
761
761
762
764
764
764
765
766
766
767
768
771
771
772
772
772
775
777
777
778
778
780
782
783
783
784
785
786
786
788
789
794
794
794
796
797
800
801
801
802
803
805
807
809
809
809
810
810
813
814
814
815
815
815
817
817
818
818
820
820
823
824
825
825
826
826
827
828
828
828
828
828
830
831
831
832
834
834
834
834
835
835
835
837
838
838
839
840
841
842
842
845
846
846
849
850
850
853
854
857
858
858
859
860
860
860
861
865
866
867
869
870
870
874
874
874
874
875
877
878
879
879
879
880
880
881
881
882
883
883
884
885
886
887
887
891
894
895
896
896
897
897
898
900
900
901
902
903
903
904
904
905
905
905
910
910
911
913
914
915
916
916
918
919
922
922
923
928
929
930
931
932
932
933
935
935
935
937
938
939
940
940
941
941
943
944
945
945
945
945
946
946
947
947
948
950
951
952
953
954
955
957
957
957
958
960
961
962
962
965
965
966
967
967
967
969
969
976
976
979
980
980
980
982
984
984
984
985
986
986
986
987
988
990
990
992
993
993
993
995
995
997
999
